228.3063 178.7604
229.0637 199.9191
231.9893 221.0752
236.8505 241.8392
245.2710 261.2517
257.9458 278.2953
273.3916 292.9216
291.0743 304.7826
311.5319 307.9261
331.4956 304.2136
348.7810 291.8843
363.9788 276.9221
376.3806 259.4292
384.3296 239.5928
388.1212 218.2096
389.8258 196.7742
389.7818 175.6071
243.8385 160.5093
254.2748 152.3528
267.5984 150.4194
281.2954 152.6429
294.2506 157.6975
322.3428 156.7617
335.6760 151.0643
349.0700 148.7085
362.2132 150.0914
372.4251 157.0741
308.9768 174.2632
309.2422 188.5200
309.4960 202.8177
309.7587 217.4331
294.4614 225.9027
301.9791 228.8609
309.8921 231.5765
317.8921 228.6261
325.0534 225.6466
260.3325 176.5567
268.3313 171.2305
278.7510 171.2988
287.0091 177.7609
278.0600 180.4510
268.0726 180.4879
331.0334 176.8813
338.9444 170.1323
349.2058 169.7845
357.2840 174.8336
350.3296 178.8742
340.6083 179.2652
279.9132 254.0392
291.0003 248.5306
302.1595 246.0530
309.7813 247.9093
318.4072 245.8488
330.0612 248.1101
340.9299 252.6517
330.9663 263.7514
319.8043 268.5882
310.5289 269.6407
302.0096 268.9845
290.9145 264.6734
284.5961 254.5394
302.2035 253.4786
309.9979 254.1324
318.7383 253.1050
336.2273 253.4314
318.9618 257.7673
310.0798 258.9027
302.1346 258.1616
