2.0000 32.7668
2.7754 54.4288
5.7706 76.0882
10.7475 97.3460
19.3683 117.2204
32.3445 134.6694
48.1578 149.6436
66.2611 161.7868
87.2054 165.0050
107.6440 161.2042
125.3405 148.5816
140.8998 133.2635
153.5967 115.3545
161.7348 95.0462
165.6166 73.1544
167.3616 51.2091
167.3166 29.5384
17.9017 14.0815
28.5863 5.7310
42.2268 3.7516
56.2497 6.0280
69.5129 11.2028
98.2734 10.2448
111.9238 4.4119
125.6364 2.0000
139.0922 3.4158
149.5470 10.5646
84.5895 28.1626
84.8611 42.7585
85.1210 57.3963
85.3900 72.3594
69.7288 81.0304
77.4253 84.0590
85.5266 86.8392
93.7169 83.8187
101.0485 80.7683
34.7881 30.5107
42.9771 25.0578
53.6447 25.1276
62.0992 31.7435
52.9373 34.4976
42.7123 34.5354
107.1708 30.8429
115.2700 23.9334
125.7755 23.5774
134.0458 28.7465
126.9259 32.8833
116.9734 33.2836
54.8345 109.8363
66.1854 104.1966
77.6100 101.6601
85.4131 103.5605
94.2442 101.4511
106.1755 103.7661
117.3027 108.4157
107.1020 119.7795
95.6745 124.7314
86.1785 125.8089
77.4565 125.1371
66.0975 120.7234
59.6288 110.3484
77.6550 109.2623
85.6349 109.9317
94.5831 108.8798
112.4882 109.2140
94.8120 113.6531
85.7187 114.8155
77.5846 114.0568
