0 0 0 0 0 0 0 0 0 0 0 0 0 0 0 0 0 0 0 0 0 0 0 0 0 0 0 0 0 0 0 0 0 0 0 0 0 0 0 0 0 0 0 0 0 0 0 0 0 0 0 0 0 0 0 0 0 0 0 0 0 0 0 0 0 0 0 0 0 0 0 0 0 0 0 0 0 0 0 0 0 0 0 0 0 0 0 0 0 0 0 0 0 0 0 0 0 0 0 0 0 0 0 0 0 0 0 0 0 0 0 0 0 0 0 0 0 0 0 0 0 0 0 0 0 0 0 0 0 0 0 0 0 0 0 0 0 0 0 0 0 0 0 0 0 0 0 0 0 0 0 0 0 0 0 0 0 0 0 0 0 0 0 0 0 0 0 0 0
0 0 0 0 0 0 0 0 0 0 0 0 0 0 0 0 0 0 0 0 0 0 0 0 0 0 0 0 0 0 0 0 0 0 0 0 0 0 0 0 0 0 0 0 0 0 0 0 0 0 0 0 0 0 0 0 0 0 0 0 0 0 0 0 0 0 0 0 0 0 0 0 0 0 0 0 0 0 0 0 0 0 0 0 0 0 0 0 0 0 0 0 0 0 0 0 0 0 0 0 0 0 0 0 0 0 0 0 0 0 0 0 0 0 0 0 0 0 0 0 0 0 0 0 0 0 0 0 0 0 0 0 0 0 0 0 0 0 0 0 0 0 0 0 0 0 0 0 0 0 0 0 0 0 0 0 0 0 0 0 0 0 0 0 0 0 0 0 0
0 0 0 0 0 0 0 0 0 0 0 0 0 0 0 0 0 0 0 0 0 0 0 0 0 0 0 0 0 0 0 0 0 0 0 0 0 0 0 0 0 0 0 0 0 0 0 0 0 0 0 0 0 0 0 0 0 0 0 0 0 0 0 0 0 0 0 0 0 0 0 0 0 0 0 0 0 0 32 32 32 32 32 32 32 32 32 32 32 32 32 32 32 32 32 32 32 32 32 32 32 32 32 32 32 32 32 32 32 32 32 32 32 32 32 32 32 32 32 32 103 103 103 103 103 106 106 106 106 106 106 106 106 106 0 0 0 0 0 0 0 0 0 0 0 0 0 0 0 0 0 0 0 0 0 0 0 0 0 0 0 0 0 0 0 0 0 0 0
0 0 0 0 0 0 0 0 0 0 0 0 0 0 0 0 0 0 0 0 0 0 0 0 0 0 0 0 0 0 0 0 0 0 0 0 0 0 0 0 29 29 8 8 26 26 26 26 26 26 26 26 26 26 26 26 26 26 26 26 26 26 26 26 26 26 26 26 32 32 32 32 32 32 32 32 32 32 32 32 32 32 32 32 32 32 32 32 32 32 32 32 32 32 32 32 32 32 32 32 32 32 32 32 32 32 32 32 32 32 32 32 32 32 103 103 103 103 103 103 103 103 103 103 103 106 106 106 106 106 106 106 106 106 106 106 106 106 108 0 0 0 0 0 0 0 0 0 0 0 0 0 0 0 0 0 0 0 0 0 0 0 0 0 0 0 0 0 0
0 0 0 0 0 0 0 0 0 0 0 0 0 0 0 0 0 0 0 0 0 0 0 0 0 0 0 0 0 0 0 0 0 29 29 29 29 29 29 29 29 29 8 8 8 8 8 8 8 26 26 26 26 26 26 26 26 26 26 26 26 26 26 26 26 26 26 26 26 26 26 26 26 26 26 26 26 26 26 26 26 26 26 26 26 26 26 26 26 26 26 26 26 26 23 23 23 23 23 23 23 23 23 23 23 23 23 23 23 23 101 101 103 103 103 103 103 103 103 103 103 103 103 103 103 106 106 106 106 106 106 106 106 106 106 106 106 106 108 108 108 0 0 0 0 0 0 0 0 0 0 0 0 0 0 0 0 0 0 0 0 0 0 0 0 0 0 0 0
0 0 0 0 0 0 0 0 0 0 0 0 0 0 0 0 0 0 0 0 0 0 0 0 0 0 0 0 29 29 29 29 29 29 29 29 29 29 29 29 29 29 8 8 8 8 8 8 8 8 8 8 8 8 8 26 26 26 26 23 23 23 23 23 23 23 23 23 23 23 23 23 23 23 23 23 23 23 23 23 23 23 23 23 23 23 23 23 23 23 23 23 23 23 23 23 23 23 23 23 23 23 23 23 23 23 23 23 101 101 101 101 2 103 103 103 103 103 103 103 103 103 103 103 103 106 106 106 106 106 106 106 106 106 106 106 106 105 108 108 108 108 0 0 0 0 0 0 0 0 0 0 0 0 0 0 0 0 0 0 0 0 0 0 0 0 0 0 0
0 0 0 0 0 0 0 0 0 0 0 0 0 0 0 0 0 0 0 0 0 0 0 0 0 0 28 28 34 29 29 29 29 29 29 29 29 29 29 29 29 29 8 8 8 8 8 8 8 8 8 8 8 8 8 4 10 10 35 35 35 35 35 35 35 23 23 23 23 23 23 23 23 23 23 23 23 23 23 23 23 23 23 23 23 23 23 23 23 23 23 23 23 23 23 23 23 23 23 23 23 23 23 23 23 101 101 101 101 101 101 101 2 103 103 103 103 103 103 103 103 103 103 103 103 106 106 106 106 106 106 106 106 106 106 106 105 105 108 108 108 108 108 108 0 0 0 0 0 0 0 0 0 0 0 0 0 0 0 0 0 0 0 0 0 0 0 0 0
0 0 0 0 0 0 0 0 0 0 0 0 0 0 0 0 0 0 0 0 0 0 0 0 0 28 28 28 28 34 29 29 29 29 29 29 29 29 29 29 29 29 8 8 8 8 8 8 8 8 8 8 8 8 4 4 10 10 10 10 10 35 35 35 35 35 35 35 35 35 35 35 35 35 35 23 23 23 23 23 23 23 23 23 23 23 23 23 23 23 23 23 23 23 23 23 23 23 23 23 23 23 23 101 101 101 101 101 101 101 101 101 2 2 103 103 103 103 103 103 103 103 103 103 103 106 106 106 106 106 106 106 106 106 106 106 105 105 108 108 108 108 108 108 108 0 0 0 0 0 0 0 0 0 0 0 0 0 0 0 0 0 0 0 0 0 0 0 0
0 0 0 0 0 0 0 0 0 0 0 0 0 0 0 0 0 0 0 0 0 0 0 0 28 28 28 28 28 34 34 29 29 29 29 29 29 29 29 29 29 29 8 8 8 8 8 8 8 8 8 8 8 8 4 10 10 10 10 10 10 10 10 35 35 35 35 35 35 35 35 35 35 35 35 35 35 35 35 35 35 35 35 35 35 23 23 23 23 23 23 23 23 23 23 23 23 23 23 23 23 101 101 101 101 101 101 101 101 101 101 101 2 2 2 103 103 103 103 103 103 103 103 103 103 106 106 106 106 106 106 106 106 106 106 105 105 108 108 108 108 108 108 108 108 108 108 0 0 0 0 0 0 0 0 0 0 0 0 0 0 0 0 0 0 0 0 0 0
0 0 0 0 0 0 0 0 0 0 0 0 0 0 0 0 0 0 0 0 0 0 28 28 28 28 28 28 28 34 34 29 29 29 29 29 29 29 29 29 29 29 8 8 8 8 8 8 8 8 8 8 8 4 4 10 10 10 10 10 10 10 10 10 10 10 35 35 35 35 35 35 35 35 35 35 35 35 35 35 35 35 35 35 35 35 35 35 35 35 35 35 35 35 35 23 23 23 101 101 101 101 101 101 101 101 101 101 101 101 101 101 2 2 2 103 103 103 103 103 103 103 103 103 103 106 106 106 106 106 106 106 106 106 105 105 105 108 108 108 108 108 108 108 108 108 108 108 0 0 0 0 0 0 0 0 0 0 0 0 0 0 0 0 0 0 0 0 0
0 0 0 0 0 0 0 0 0 0 0 0 0 0 0 0 0 0 0 0 0 28 28 28 28 28 28 28 28 34 34 34 29 29 29 29 29 29 29 29 29 29 8 8 8 8 8 8 8 8 8 8 4 4 4 10 10 10 10 10 10 10 10 10 10 10 10 10 35 35 35 35 35 35 35 35 35 35 102 102 102 102 102 102 102 102 102 102 102 102 102 102 102 102 102 102 102 25 5 101 101 101 101 101 101 101 101 101 101 101 101 101 101 2 2 2 103 103 103 103 103 103 103 103 103 106 106 106 106 106 106 106 106 106 105 105 105 108 108 108 108 108 108 108 108 108 108 108 110 110 0 0 0 0 0 0 0 0 0 0 0 0 0 0 0 0 0 0 0
0 0 0 0 0 0 0 0 0 0 0 0 0 0 0 0 0 0 0 0 28 28 28 28 28 28 28 28 28 28 34 34 34 29 29 29 29 29 29 29 29 29 8 8 8 8 8 8 8 8 8 8 4 4 4 10 10 10 10 10 10 10 10 10 10 10 10 10 3 36 102 102 102 102 102 102 102 102 102 102 102 102 102 102 102 102 102 102 102 102 102 102 102 102 102 102 25 25 25 5 101 101 101 101 101 101 101 101 101 101 101 101 101 2 2 2 2 103 103 103 103 103 103 103 103 106 106 106 106 106 106 106 106 105 105 105 105 108 108 108 108 108 108 108 108 108 108 108 110 110 0 0 0 0 0 0 0 0 0 0 0 0 0 0 0 0 0 0 0
0 0 0 0 0 0 0 0 0 0 0 0 0 0 0 0 0 0 0 28 28 28 28 28 28 28 28 28 28 28 34 34 34 29 29 29 29 29 29 29 29 29 8 8 8 8 8 8 8 8 8 4 4 4 4 10 10 10 10 10 10 10 10 10 10 10 10 3 36 36 36 102 102 102 102 102 102 102 102 102 102 102 102 102 102 102 102 102 102 102 102 102 102 102 102 102 25 25 25 5 5 101 101 101 101 101 101 101 101 101 101 101 101 2 2 2 2 2 103 103 103 103 103 103 103 106 106 106 106 106 106 106 105 105 105 105 105 108 108 108 108 108 108 108 108 108 108 110 110 110 110 0 0 0 0 0 0 0 0 0 0 0 0 0 0 0 0 0 0
0 0 0 0 0 0 0 0 0 0 0 0 0 0 0 0 0 28 28 28 28 28 28 28 28 28 28 28 28 28 34 34 34 34 29 29 29 29 29 29 29 29 8 8 8 8 8 8 8 8 4 4 4 4 4 10 10 10 10 10 10 10 10 10 10 10 3 3 36 36 36 36 102 102 102 102 102 102 102 102 102 102 102 102 102 102 102 102 102 102 102 102 102 102 102 25 25 25 25 5 5 5 5 101 101 101 101 101 101 101 101 101 101 2 2 2 2 2 103 103 103 103 103 103 103 106 106 106 106 106 106 105 105 105 105 105 108 108 108 108 108 108 108 108 108 108 110 110 110 110 110 110 0 0 0 0 0 0 0 0 0 0 0 0 0 0 0 0 0
0 0 0 0 0 0 0 0 0 0 0 0 0 0 0 0 0 30 28 28 28 28 28 28 28 28 28 28 28 28 34 34 34 34 34 29 29 29 29 29 29 29 8 8 8 8 8 8 8 4 4 4 4 4 4 10 10 10 10 10 10 10 10 10 10 3 3 3 36 36 36 36 102 102 102 102 102 102 102 102 102 102 102 102 102 102 102 102 102 102 102 102 102 102 25 25 25 25 25 25 5 5 5 5 101 101 101 101 101 101 101 101 101 2 2 2 2 2 2 103 103 103 103 103 103 106 106 106 106 106 106 105 105 105 105 105 108 108 108 108 108 108 108 108 108 110 110 110 110 110 110 110 110 0 0 0 0 0 0 0 0 0 0 0 0 0 0 0 0
0 0 0 0 0 0 0 0 0 0 0 0 0 0 0 0 30 30 30 28 28 28 28 28 28 28 28 28 28 28 28 34 34 34 34 34 29 29 29 29 29 29 8 8 8 8 8 8 8 4 4 4 4 4 10 10 10 10 10 10 10 10 10 10 3 3 3 36 36 36 36 36 36 102 102 102 102 102 102 102 102 102 102 102 102 102 102 102 102 102 102 102 102 25 25 25 25 25 25 25 5 5 5 5 5 101 101 101 101 101 101 101 101 2 2 2 2 2 2 2 103 103 103 103 103 106 106 106 106 106 105 105 105 105 105 105 108 108 108 108 108 108 108 108 110 110 110 110 110 110 110 110 110 110 0 0 0 0 0 0 0 0 0 0 0 0 0 0 0
0 0 0 0 0 0 0 0 0 0 0 0 0 0 0 30 30 30 30 30 28 28 28 28 28 28 28 28 28 28 28 34 34 34 34 34 29 29 29 29 29 29 8 8 8 8 8 8 4 4 4 4 4 4 10 10 10 10 10 10 10 10 3 3 3 3 3 36 36 36 36 36 36 36 102 102 102 102 102 102 102 102 102 102 102 102 102 102 102 102 102 102 102 25 25 25 25 25 25 25 25 5 5 5 5 5 101 101 101 101 101 101 101 101 2 2 2 2 2 2 2 103 103 103 103 106 106 106 106 105 105 105 105 105 105 105 108 108 108 108 108 108 108 110 110 110 110 110 110 110 110 110 110 110 110 0 0 0 0 0 0 0 0 0 0 0 0 0 0
0 0 0 0 0 0 0 0 0 0 0 0 0 0 30 30 30 30 30 30 30 28 28 28 28 28 28 28 28 28 28 34 34 34 34 34 34 29 29 29 29 29 8 8 8 8 8 4 4 4 4 4 4 4 10 10 10 10 10 10 10 3 3 3 3 3 3 36 36 36 36 36 36 36 36 102 102 102 102 102 102 102 102 102 102 102 102 102 102 102 102 102 25 25 25 25 25 25 25 25 25 5 5 5 5 5 5 5 101 101 101 101 101 101 2 2 2 2 2 2 2 103 103 103 103 106 106 106 106 105 105 105 105 105 105 105 108 108 108 108 108 108 108 110 110 110 110 110 110 110 110 110 110 110 110 110 0 0 0 0 0 0 0 0 0 0 0 0 0
0 0 0 0 0 0 0 0 0 0 0 0 0 30 30 30 30 30 30 30 30 30 30 28 28 28 28 28 28 28 28 34 34 34 34 34 34 34 29 29 29 29 8 8 8 8 8 4 4 4 4 4 4 4 10 10 10 10 10 10 3 3 3 3 3 3 36 36 36 36 36 36 36 36 36 36 102 102 102 102 102 102 102 102 102 102 102 102 102 102 102 25 25 25 25 25 25 25 25 25 25 25 5 5 5 5 5 5 5 101 101 101 101 101 2 2 2 2 2 2 2 2 103 103 103 106 106 106 105 105 105 105 105 105 105 105 108 108 108 108 108 108 110 110 110 110 110 110 110 110 110 110 110 110 110 110 110 0 0 0 0 0 0 0 0 0 0 0 0
0 0 0 0 0 0 0 0 0 0 0 0 30 30 30 30 30 30 30 30 30 30 30 30 28 28 28 28 28 28 28 28 34 34 34 34 34 34 34 29 29 29 8 8 8 8 4 4 4 4 4 4 4 4 10 10 10 10 10 3 3 3 3 3 3 3 36 36 36 36 36 36 36 36 36 36 36 102 102 102 102 102 102 102 102 102 102 102 102 102 25 25 25 25 25 25 25 25 25 25 25 25 5 5 5 5 5 5 5 5 101 101 101 101 2 2 2 2 2 2 2 2 2 103 103 106 106 105 105 105 105 105 105 105 105 108 108 108 108 108 108 110 110 110 110 110 110 110 110 110 110 110 110 110 110 110 110 110 0 0 0 0 0 0 0 0 0 0 0
0 0 0 0 0 0 0 0 0 0 0 30 30 30 30 30 30 30 30 30 30 30 30 30 30 28 28 28 28 28 28 28 34 34 34 34 34 34 34 29 29 29 8 8 8 4 4 4 4 4 4 4 4 4 10 10 10 10 3 3 3 3 3 3 3 36 36 36 36 36 36 36 36 36 36 36 36 36 102 102 102 102 102 102 102 102 102 102 102 25 25 25 25 25 25 25 25 25 25 25 25 25 5 5 5 5 5 5 5 5 5 101 101 101 2 2 2 2 2 2 2 2 2 103 103 106 106 105 105 105 105 105 105 105 105 108 108 108 108 108 110 110 110 110 110 110 110 110 110 110 110 110 110 110 110 110 110 110 110 0 0 0 0 0 0 0 0 0 0
0 0 0 0 0 0 0 0 0 0 0 30 30 30 30 30 30 30 30 30 30 30 30 30 30 30 28 28 28 28 28 28 34 34 34 34 34 34 34 34 29 29 8 8 8 4 4 4 4 4 4 4 4 4 10 10 10 3 3 3 3 3 3 3 3 36 36 36 36 36 36 36 36 36 36 36 36 36 36 102 102 102 102 102 102 102 102 102 102 25 25 25 25 25 25 25 25 25 25 25 25 25 25 5 5 5 5 5 5 5 5 5 5 101 2 2 2 2 2 2 2 2 2 2 103 106 105 105 105 105 105 105 105 105 105 108 108 108 108 110 110 110 110 110 110 110 110 110 110 110 110 110 110 110 110 110 110 110 110 110 0 0 0 0 0 0 0 0 0
0 0 0 0 0 0 0 0 0 0 30 30 30 30 30 30 30 30 30 30 30 30 30 30 30 30 30 28 28 28 28 28 34 34 34 34 34 34 34 34 34 29 8 8 4 4 4 4 4 4 4 4 4 10 10 10 3 3 3 3 3 3 3 3 3 36 36 36 36 36 36 36 36 36 36 36 36 36 36 36 102 102 102 102 102 102 102 102 25 25 25 25 25 25 25 25 25 25 25 25 25 25 25 5 5 5 5 5 5 5 5 5 5 5 101 2 2 2 2 2 2 2 2 2 2 105 105 105 105 105 105 105 105 105 105 108 108 108 110 110 110 110 110 110 110 110 110 110 110 110 110 110 110 110 110 110 110 110 110 110 110 0 0 0 0 0 0 0 0
0 0 0 0 0 0 0 0 0 30 30 30 30 30 30 30 30 30 30 30 30 30 30 30 30 30 30 30 28 28 28 28 28 34 34 34 34 34 34 34 34 34 8 4 4 4 4 4 4 4 4 4 4 10 3 3 3 3 3 3 3 3 3 3 36 36 36 36 36 36 36 36 36 36 36 36 36 36 36 36 102 102 102 102 102 102 102 25 25 25 25 25 25 25 25 25 25 25 25 25 25 25 25 25 5 5 5 5 5 5 5 5 5 5 5 24 24 24 24 24 24 24 24 24 24 91 105 105 105 105 105 105 105 105 105 108 108 110 110 110 110 110 110 110 110 110 110 110 110 110 110 110 110 110 110 110 110 110 110 110 110 110 0 0 0 0 0 0 0
0 0 0 0 0 0 0 0 30 30 30 30 30 30 30 30 30 30 30 30 30 30 30 30 30 30 30 30 30 28 28 28 28 34 34 34 34 34 34 34 34 34 4 4 4 4 4 4 4 4 4 4 4 3 3 3 3 3 3 3 3 3 3 3 36 36 36 36 36 36 36 36 36 36 36 36 36 36 36 36 36 102 102 102 102 102 25 25 25 25 25 25 25 25 25 25 25 25 25 25 25 25 25 25 5 5 5 5 5 5 5 5 5 104 104 24 24 24 24 24 24 24 24 24 107 91 91 91 105 105 105 105 105 105 108 108 108 110 110 110 110 110 110 110 110 110 110 110 110 110 110 110 110 110 110 110 110 110 110 110 110 110 110 0 0 0 0 0 0
0 0 0 0 0 0 0 30 30 30 30 30 30 30 30 30 30 30 30 30 30 30 30 30 30 30 30 30 30 30 28 28 28 34 34 34 34 34 34 34 34 9 44 31 31 31 31 31 31 31 31 31 31 33 3 3 3 3 3 3 3 3 3 3 36 36 36 36 36 36 36 36 36 36 36 36 36 36 36 36 36 36 102 102 102 102 25 25 25 25 25 25 25 25 25 25 25 25 25 25 25 25 25 25 25 5 5 5 5 5 5 5 104 104 104 24 24 24 24 24 24 24 24 107 107 107 91 91 91 105 105 105 105 105 108 108 110 110 110 110 110 110 110 110 110 110 110 110 110 110 110 110 110 110 110 110 110 110 110 110 110 110 110 110 0 0 0 0 0
0 0 0 0 0 0 30 30 30 30 30 30 30 30 30 30 30 30 30 30 30 30 30 30 30 30 30 30 30 30 30 28 28 34 34 34 34 34 34 9 9 9 44 44 44 31 31 31 31 31 31 31 31 33 33 33 3 3 3 3 3 3 3 36 36 36 36 36 36 36 36 36 36 36 36 36 36 36 36 36 36 36 36 102 102 25 25 25 25 25 25 25 25 25 25 25 25 25 25 25 25 25 25 25 25 5 5 5 5 5 5 104 104 104 104 24 24 24 24 24 24 24 107 107 107 107 91 91 91 91 91 105 105 105 108 110 110 110 110 110 110 110 110 110 110 110 110 110 110 110 110 110 110 110 110 110 110 110 110 110 110 110 110 110 110 0 0 0 0
0 0 0 0 0 0 30 30 30 30 30 30 30 30 30 30 30 30 30 30 30 30 30 30 30 30 30 30 30 30 30 30 28 28 34 34 34 34 9 9 9 9 44 44 44 44 31 31 31 31 31 31 31 33 33 33 33 3 3 3 3 3 3 36 36 36 36 36 36 36 36 36 36 36 36 36 36 36 36 36 36 36 36 36 25 25 25 25 25 25 25 25 25 25 25 25 25 25 25 25 25 25 25 25 25 5 5 5 5 5 104 104 104 104 104 104 24 24 24 24 24 107 107 107 107 107 91 91 91 91 91 91 91 105 110 110 110 110 110 110 110 110 110 110 110 110 110 110 110 110 110 110 110 110 110 110 110 110 110 110 110 110 110 110 110 0 0 0 0
0 0 0 0 0 30 30 30 30 30 30 30 30 30 30 30 30 30 30 30 30 30 30 30 30 30 30 30 30 30 30 30 30 28 34 34 9 9 9 9 9 9 44 44 44 44 44 31 31 31 31 31 31 33 33 33 33 33 3 3 3 3 3 36 36 36 36 36 36 36 36 36 36 36 36 36 36 36 38 38 38 38 38 38 1 1 1 1 1 1 1 25 25 25 25 25 25 25 25 25 25 25 25 25 25 25 5 5 5 104 104 104 104 104 104 104 24 24 24 24 107 107 107 107 107 107 91 91 91 91 91 91 91 109 111 111 111 111 111 111 111 111 111 111 111 111 110 110 110 110 110 110 110 110 110 110 110 110 110 110 110 110 110 110 110 110 0 0 0
0 0 0 0 30 30 30 30 30 30 30 30 30 30 30 30 30 30 30 30 30 30 30 30 30 30 30 30 30 30 30 30 30 30 34 9 9 9 9 9 9 9 44 44 44 44 44 44 31 31 31 31 31 33 33 33 33 33 33 33 3 3 36 36 36 36 36 36 36 36 36 36 38 38 38 38 38 38 38 38 38 38 38 38 1 1 1 1 1 1 1 1 1 1 1 1 1 1 1 25 25 25 25 25 25 25 5 5 104 104 104 104 104 104 104 104 24 24 24 107 107 107 107 107 107 107 91 91 91 91 91 109 109 109 109 109 111 111 111 111 111 111 111 111 111 111 111 111 111 111 111 111 111 111 111 111 111 111 111 111 111 111 111 111 111 111 111 0 0
0 0 0 30 30 30 30 30 30 30 30 30 30 30 30 30 30 30 30 30 30 30 30 30 30 30 30 11 11 11 11 11 11 43 43 9 9 9 9 9 9 9 44 44 44 44 44 44 44 31 31 31 31 33 33 33 33 33 33 33 33 3 36 36 36 36 38 38 38 38 38 38 38 38 38 38 38 38 38 38 38 38 38 38 1 1 1 1 1 1 1 1 1 1 1 1 1 1 1 1 1 1 1 1 1 1 22 104 104 104 104 104 104 104 104 104 24 24 107 107 107 107 107 107 107 107 91 91 91 91 109 109 109 109 109 109 109 111 111 111 111 111 111 111 111 111 111 111 111 111 111 111 111 111 111 111 111 111 111 111 111 111 111 111 111 111 111 0 0
0 0 30 30 30 30 30 30 30 30 30 30 11 11 11 11 11 11 11 11 11 11 11 11 11 11 11 11 11 11 11 11 43 43 43 43 43 9 9 9 9 9 44 44 44 44 44 44 44 44 31 31 31 33 33 33 33 33 33 33 33 46 38 38 38 38 38 38 38 38 38 38 38 38 38 38 38 38 38 38 38 38 38 38 1 1 1 1 1 1 1 1 1 1 1 1 1 1 1 1 1 1 1 1 37 37 22 22 22 22 22 104 104 104 104 104 24 107 107 107 107 107 107 107 107 107 91 91 109 109 109 109 109 109 109 109 109 109 109 111 111 111 111 111 111 111 111 111 111 111 111 111 111 111 111 111 111 111 111 111 111 111 111 111 111 111 111 0 0
0 0 11 11 11 11 11 11 11 11 11 11 11 11 11 11 11 11 11 11 11 11 11 11 11 11 11 11 11 11 11 43 43 43 43 43 43 43 43 9 9 9 44 44 44 44 44 44 44 44 44 31 31 33 33 33 33 46 46 46 46 46 46 40 38 38 38 38 38 38 38 38 38 38 38 38 38 38 38 38 38 38 38 38 1 1 1 1 1 1 1 1 1 1 1 1 1 1 1 1 1 1 1 37 37 22 22 22 22 22 22 22 22 22 22 104 24 107 107 107 107 107 107 107 99 99 97 109 109 109 109 109 109 109 109 109 109 109 109 109 111 111 111 111 111 111 111 111 111 111 111 111 111 111 111 111 111 111 111 111 111 111 111 111 111 111 111 0 0
0 0 11 11 11 11 11 11 11 11 11 11 11 11 11 11 11 11 11 11 11 11 11 11 11 11 11 11 11 43 43 43 43 43 43 43 43 43 43 43 43 9 44 44 44 44 44 44 44 44 44 44 33 33 46 46 46 46 46 46 46 46 46 46 40 40 38 38 38 38 38 38 38 38 38 38 38 38 38 38 38 38 38 38 1 1 1 1 1 1 1 1 1 1 1 1 1 1 1 1 1 37 37 37 22 22 22 22 22 22 22 22 22 22 22 100 99 99 99 99 99 99 99 99 99 99 97 97 94 109 109 109 109 109 109 109 109 109 109 109 109 111 111 111 111 111 111 111 111 111 111 111 111 111 111 111 111 111 111 111 111 111 111 111 111 111 111 0 0
0 0 11 11 11 11 11 11 11 11 11 11 11 11 11 11 11 11 11 11 11 11 11 11 11 11 11 11 43 43 43 43 43 43 43 43 43 43 43 43 43 13 48 42 42 42 42 42 42 42 42 42 42 46 46 46 46 46 46 46 46 46 46 46 46 40 40 40 40 38 38 38 38 38 38 38 38 38 38 38 38 38 38 38 1 1 1 1 1 1 1 1 1 1 1 1 1 1 1 37 37 37 37 22 22 22 22 22 22 22 22 22 22 22 100 100 99 99 99 99 99 99 99 99 99 97 97 97 97 94 94 109 109 109 109 109 109 109 109 109 109 109 109 111 111 111 111 111 111 111 111 111 111 111 111 111 111 111 111 111 111 111 111 111 111 111 111 0 0
0 0 11 11 11 11 11 11 11 11 11 11 11 11 11 11 11 11 11 11 11 11 11 11 11 11 11 43 43 43 43 43 43 43 43 43 43 43 43 13 13 48 48 42 42 42 42 42 42 42 42 42 42 63 63 46 46 46 46 46 46 46 46 46 46 46 40 40 40 40 40 38 38 38 38 38 38 38 38 38 38 38 38 38 1 1 1 1 1 1 1 1 1 1 1 1 1 37 37 37 37 37 22 22 22 22 22 22 22 22 22 22 22 100 100 99 99 99 99 99 99 99 99 99 99 97 97 97 97 94 94 94 94 109 109 109 109 109 109 109 109 109 109 109 111 111 111 111 111 111 111 111 111 111 111 111 111 111 111 111 111 111 111 111 111 111 111 0 0
0 0 11 11 11 11 11 11 11 11 11 11 11 11 11 11 11 11 11 11 11 11 11 11 11 43 43 43 43 43 43 43 43 43 43 43 43 13 13 13 48 48 48 48 42 42 42 42 42 42 42 42 42 63 63 63 46 46 46 46 46 46 46 46 46 46 40 40 40 40 40 40 40 38 38 38 38 38 38 38 38 38 38 38 1 1 1 1 1 1 1 1 1 1 1 37 37 37 37 37 37 22 22 22 22 22 22 22 22 22 22 100 100 100 100 99 99 99 99 99 99 99 99 99 97 97 97 97 97 97 94 94 94 94 94 94 109 109 109 109 109 109 109 109 109 109 111 111 111 111 111 111 111 111 111 111 111 111 111 111 111 111 111 111 111 111 111 0 0
0 0 11 11 11 11 11 11 11 11 11 11 11 11 11 11 11 11 11 11 11 11 11 11 43 43 43 43 43 43 43 43 43 43 43 13 13 13 13 48 48 48 48 48 42 42 42 42 42 42 42 42 42 42 63 63 63 46 46 46 46 46 46 46 46 46 46 40 40 40 40 40 40 40 40 38 38 38 38 38 38 38 38 38 1 1 1 1 1 1 1 1 1 37 37 37 37 37 37 37 37 22 22 22 22 22 22 22 22 22 100 100 100 100 100 99 99 99 99 99 99 99 99 99 97 97 97 97 97 97 97 94 94 94 94 94 94 94 109 109 109 109 109 109 109 109 109 111 111 111 111 111 111 111 111 111 111 111 111 111 111 111 111 111 111 111 111 0 0
0 0 11 11 11 11 11 11 11 11 11 11 11 11 11 11 11 11 11 11 11 11 11 43 43 43 43 43 43 43 43 43 43 13 13 13 13 13 48 48 48 48 48 48 48 42 42 42 42 42 42 42 42 42 63 63 63 63 63 46 46 46 46 46 46 46 46 46 40 40 40 40 40 40 40 40 40 38 38 38 38 38 38 38 1 1 1 1 1 1 1 37 37 37 37 37 37 37 37 37 22 22 22 22 22 22 22 22 22 100 100 100 100 100 99 99 99 99 99 99 99 99 99 97 97 97 97 97 97 97 97 97 94 94 94 94 94 94 94 94 109 109 109 109 109 109 109 109 109 111 111 111 111 111 111 111 111 111 111 111 111 111 111 111 111 111 111 0 0
0 0 11 11 11 11 11 11 11 11 11 11 11 11 11 11 11 11 11 11 11 43 43 43 43 43 43 43 43 43 43 13 13 13 13 13 13 48 48 48 48 48 48 48 48 42 42 42 42 42 42 42 42 42 63 63 63 63 63 63 46 46 46 46 46 46 46 46 46 40 40 40 40 40 40 40 40 40 40 38 38 38 38 38 1 1 1 1 1 37 37 37 37 37 37 37 37 37 37 22 22 22 22 22 22 22 22 100 100 100 100 100 100 100 99 99 99 99 99 99 99 99 99 97 97 97 97 97 97 97 97 97 97 94 94 94 94 94 94 94 94 94 109 109 109 109 109 109 109 109 111 111 111 111 111 111 111 111 111 111 111 111 111 111 111 111 111 0 0
0 0 11 11 11 11 11 11 11 11 11 11 11 11 11 11 11 11 11 11 43 43 43 43 43 43 43 43 43 13 13 13 13 13 13 13 48 48 48 48 48 48 48 48 48 48 42 42 42 42 42 42 42 42 42 63 63 63 63 63 63 63 46 46 46 46 46 46 46 46 40 40 40 40 40 40 40 40 40 40 40 38 38 38 1 1 1 37 37 37 37 37 37 37 37 37 37 37 22 22 22 22 22 22 22 22 100 100 100 100 100 100 100 100 99 99 99 99 99 99 99 99 97 97 97 97 97 97 97 97 97 97 97 97 94 94 94 94 94 94 94 94 94 94 109 109 109 109 109 109 109 109 111 111 111 111 111 111 111 111 111 111 111 111 111 111 111 0 0
0 0 11 11 11 11 11 11 11 11 11 11 11 11 11 11 11 11 11 43 43 43 43 43 43 43 43 13 13 13 13 13 13 13 13 48 48 48 48 48 48 48 48 48 48 48 48 42 42 42 42 42 42 42 42 63 63 63 63 63 63 63 63 46 46 46 46 46 46 46 46 40 40 40 40 40 40 40 40 40 40 40 40 38 1 1 37 37 37 37 37 37 37 37 37 37 37 22 22 22 22 22 22 22 22 100 100 100 100 100 100 100 100 99 99 99 99 99 99 99 99 97 97 97 97 97 97 97 97 97 97 97 97 97 97 94 94 94 94 94 94 94 94 94 94 94 109 109 109 109 109 109 109 111 111 111 111 111 111 111 111 111 111 111 111 111 111 0 0
0 0 11 11 11 11 11 11 11 11 11 11 11 11 11 11 11 43 43 43 43 43 43 43 43 13 13 13 13 13 13 13 13 13 13 48 48 48 48 48 48 48 48 48 48 48 48 42 42 42 42 42 42 42 42 42 63 63 63 63 63 63 63 63 63 46 46 46 46 46 46 46 40 40 40 40 40 40 40 40 40 40 40 40 37 37 37 37 37 37 37 37 37 37 37 37 22 22 22 22 22 22 22 100 100 100 100 100 100 100 100 100 100 99 99 99 99 99 99 99 99 97 97 97 97 97 97 97 97 97 97 97 97 97 97 97 94 94 94 94 94 94 94 94 94 94 94 94 94 109 109 109 109 109 109 111 111 111 111 111 111 111 111 111 111 111 111 0 0
0 0 11 11 11 11 11 11 11 11 11 11 11 11 11 11 43 43 43 43 43 43 43 13 13 13 13 13 13 13 13 13 13 13 48 48 48 48 48 48 48 48 48 48 48 48 48 48 42 42 42 42 42 42 42 42 63 63 63 63 63 63 63 63 63 63 46 46 46 46 46 46 46 40 40 40 40 40 40 40 40 40 40 40 37 37 37 37 37 37 37 37 37 37 37 37 22 22 22 22 22 22 100 100 100 100 100 100 100 100 100 100 100 99 99 99 99 99 99 99 97 97 97 97 97 97 97 97 97 97 97 97 97 97 97 97 97 94 94 94 94 94 94 94 94 94 94 94 94 94 94 109 109 109 109 109 111 111 111 111 111 111 111 111 111 111 111 0 0
0 0 11 11 11 11 11 11 11 11 11 11 11 11 11 43 43 43 43 43 43 13 13 13 13 13 13 13 13 13 13 13 13 48 48 48 48 48 48 48 48 48 48 48 48 48 48 48 42 42 42 42 42 42 42 42 63 63 63 63 63 63 63 63 63 63 63 46 46 46 46 46 46 46 40 40 40 40 40 40 40 40 40 40 37 37 37 37 37 37 37 37 37 37 37 22 22 22 22 22 22 100 100 100 100 100 100 100 100 100 100 100 99 99 99 99 99 99 99 99 97 97 97 97 97 97 97 97 97 97 97 97 97 97 97 97 97 97 94 94 94 94 94 94 94 94 94 94 94 94 94 94 94 109 109 109 109 109 111 111 111 111 111 111 111 111 111 0 0
0 0 11 11 11 11 11 11 11 11 11 11 11 43 43 43 43 43 43 13 13 13 13 13 13 13 13 13 13 13 13 13 48 48 48 48 48 48 48 48 48 48 48 48 48 48 48 48 48 42 42 42 42 42 42 42 42 63 63 63 63 63 63 63 63 63 63 63 63 46 46 46 46 46 46 40 40 40 40 40 40 40 40 40 37 37 37 37 37 37 37 37 37 37 22 22 22 22 22 100 100 100 100 100 100 100 100 100 100 100 100 100 99 99 99 99 99 99 99 97 97 97 97 97 97 97 97 97 97 97 97 97 97 97 97 97 97 97 97 94 94 94 94 94 94 94 94 94 94 94 94 94 94 94 94 109 109 109 109 111 111 111 111 111 111 111 111 0 0
0 0 11 11 11 11 11 11 11 11 11 11 43 43 43 43 43 13 13 13 13 13 13 13 13 13 13 13 13 13 13 48 48 48 48 48 48 48 48 48 48 48 48 48 48 48 48 48 48 48 42 42 42 42 42 42 42 63 63 63 63 63 63 63 63 63 63 63 63 63 46 46 46 46 46 40 40 40 40 40 40 40 40 40 37 37 37 37 37 37 37 37 37 22 22 22 22 22 100 100 100 100 100 100 100 100 100 100 100 100 100 100 99 99 99 99 99 99 99 97 97 97 97 97 97 97 97 97 97 97 97 97 97 97 97 97 97 97 97 97 94 94 94 94 94 94 94 94 94 94 94 94 94 94 94 94 94 109 109 109 109 111 111 111 111 111 111 0 0
0 0 11 11 11 11 11 11 11 11 11 43 43 43 43 13 13 13 13 13 13 13 13 13 13 13 13 13 13 13 48 48 48 48 48 48 48 48 48 48 48 48 48 48 48 48 48 48 48 48 42 42 42 42 42 42 42 63 63 63 63 63 63 63 63 63 63 63 63 63 63 63 46 46 46 46 40 40 40 40 40 40 40 40 37 37 37 37 37 37 37 37 22 22 22 22 22 100 100 100 100 100 100 100 100 100 100 100 100 100 100 99 99 99 99 99 99 99 97 97 97 97 97 97 97 97 97 97 97 97 97 97 97 97 97 97 97 97 97 97 97 94 94 94 94 94 94 94 94 94 94 94 94 94 94 94 94 94 94 94 109 109 111 111 111 111 111 0 0
0 0 11 11 11 11 11 11 11 43 43 43 43 13 13 13 13 13 13 13 13 13 13 13 13 13 13 13 13 48 48 48 48 48 48 48 48 48 48 48 48 48 48 48 48 48 48 48 48 48 48 42 42 42 42 42 42 42 63 63 63 63 63 63 63 63 63 63 63 63 63 63 63 46 46 46 46 40 40 40 40 40 40 40 37 37 37 37 37 37 37 22 22 22 22 100 100 100 100 100 100 100 100 100 100 100 100 100 100 100 100 99 99 99 99 99 99 99 97 97 97 97 97 97 97 97 97 97 97 97 97 97 97 97 97 97 97 97 97 97 97 97 94 94 94 94 94 94 94 94 94 94 94 94 94 94 94 94 94 94 94 94 109 109 111 111 111 0 0
0 0 11 11 11 11 11 11 43 43 43 13 13 13 13 13 13 13 13 13 13 13 13 13 13 13 13 13 48 48 48 48 48 48 48 48 48 48 48 48 48 48 48 48 48 48 48 48 48 48 48 42 42 42 42 42 42 42 63 63 63 63 63 63 63 63 63 63 63 63 63 63 63 63 46 46 46 46 40 40 40 40 40 40 40 37 37 37 37 37 37 22 22 22 100 100 100 100 100 100 100 100 100 100 100 100 100 100 100 100 100 99 99 99 99 99 99 97 97 97 97 97 97 97 97 97 97 97 97 97 97 97 97 97 97 97 97 97 97 97 97 97 97 94 94 94 94 94 94 94 94 94 94 94 94 94 94 94 94 94 94 94 94 94 109 111 111 0 0
0 0 11 11 11 11 11 43 43 13 13 13 13 13 13 13 13 13 13 13 13 13 13 13 13 13 13 48 48 48 48 48 48 48 48 48 48 48 48 48 48 48 48 48 48 48 48 48 48 48 48 48 42 42 42 42 42 42 63 63 63 63 63 63 63 63 63 63 63 63 63 63 63 63 63 63 46 46 46 40 40 40 40 40 40 37 37 37 37 37 22 22 22 100 100 100 100 100 100 100 100 100 100 100 100 100 100 100 100 100 99 99 99 99 99 99 99 97 97 97 97 97 97 97 97 97 97 97 97 97 97 97 97 97 97 97 97 97 97 97 97 97 97 97 94 94 94 94 94 94 94 94 94 94 94 94 94 94 94 94 94 94 94 94 94 94 111 0 0
0 0 11 11 11 43 43 13 13 13 13 13 13 13 13 13 13 13 13 13 13 13 13 13 13 13 13 48 48 48 48 48 48 48 48 48 48 48 48 48 48 48 48 48 48 48 48 48 48 48 48 48 42 42 42 42 42 42 42 63 63 63 63 63 63 63 63 63 63 63 63 63 63 63 63 63 63 46 46 46 40 40 40 40 40 37 37 37 37 22 22 22 100 100 100 100 100 100 100 100 100 100 100 100 100 100 100 100 100 100 99 99 99 99 99 99 97 97 97 97 97 97 97 97 97 97 97 97 97 97 97 97 97 97 97 97 97 97 97 97 97 97 97 97 97 94 94 94 94 94 94 94 94 94 94 94 94 94 94 94 94 94 94 94 94 94 94 0 0
0 0 11 11 43 13 13 13 13 13 13 13 13 13 13 13 13 13 13 13 13 13 13 13 13 13 48 48 48 48 48 48 48 48 48 48 48 48 48 48 48 48 48 48 48 48 48 48 48 48 48 48 48 42 42 42 42 42 42 63 63 63 63 63 63 63 63 63 63 63 63 63 63 63 63 63 63 63 63 46 46 40 40 40 40 37 37 37 22 22 100 100 100 100 100 100 100 100 100 100 100 100 100 100 100 100 100 100 100 100 99 99 99 99 99 97 97 97 97 97 97 97 97 97 97 97 97 97 97 97 97 97 97 97 97 97 97 97 97 97 97 97 97 97 97 97 94 94 94 94 94 94 94 94 94 94 94 94 94 94 94 94 94 94 94 94 94 0 0
0 0 11 13 13 13 13 13 13 13 13 13 13 13 13 13 13 13 13 13 13 13 13 13 13 48 48 48 48 48 48 48 48 48 48 48 48 48 48 48 48 48 48 48 48 48 48 48 48 48 48 48 48 48 42 42 42 42 42 63 63 63 63 63 63 63 63 63 63 63 63 63 63 63 63 63 63 63 63 63 46 46 40 40 40 37 37 22 22 100 100 100 100 100 100 100 100 100 100 100 100 100 100 100 100 100 100 100 100 99 99 99 99 99 99 97 97 97 97 97 97 97 97 97 97 97 97 97 97 97 97 97 97 97 97 97 97 97 97 97 97 97 97 97 97 97 97 94 94 94 94 94 94 94 94 94 94 94 94 94 94 94 94 94 94 94 94 0 0
0 0 13 13 13 13 13 13 13 13 13 13 13 13 13 13 13 13 13 13 13 13 13 13 48 48 48 48 48 48 48 48 48 48 48 48 48 48 48 48 48 48 48 48 48 48 48 48 48 48 48 48 48 48 42 42 42 42 42 42 63 63 63 63 63 63 63 63 63 63 63 63 63 63 63 63 63 63 63 63 63 46 46 40 40 37 22 22 100 100 100 100 100 100 100 100 100 100 100 100 100 100 100 100 100 100 100 100 100 99 99 99 99 99 97 97 97 97 97 97 97 97 97 97 97 97 97 97 97 97 97 97 97 97 97 97 97 97 97 97 97 97 97 97 97 97 97 97 94 94 94 94 94 94 94 94 94 94 94 94 94 94 94 94 94 94 94 0 0
0 0 13 13 13 13 13 13 13 13 13 13 13 13 13 13 13 13 13 13 13 13 13 48 48 48 48 48 48 48 48 48 48 48 48 48 48 48 48 48 48 48 48 48 48 48 48 48 48 48 48 48 48 48 48 42 42 42 42 42 63 63 63 63 63 63 63 63 63 63 63 63 63 63 63 63 63 63 63 63 63 63 63 46 40 37 100 100 100 100 100 100 100 100 100 100 100 100 100 100 100 100 100 100 100 100 100 100 100 99 99 99 99 99 97 97 97 97 97 97 97 97 97 97 97 97 97 97 97 97 97 97 97 97 97 97 97 97 97 97 97 97 97 97 97 97 97 97 97 94 94 94 94 94 94 94 94 94 94 94 94 94 94 94 94 94 0 0 0
0 0 0 13 13 13 13 13 13 13 13 13 13 13 13 13 13 13 13 13 13 13 48 48 48 48 48 48 48 48 48 48 48 48 48 48 48 48 48 48 48 48 48 48 48 48 48 48 48 48 48 48 48 48 48 42 42 42 42 42 42 63 63 63 63 63 63 63 63 63 63 63 63 63 63 63 63 63 63 63 63 63 63 63 40 100 100 100 100 100 100 100 100 100 100 100 100 100 100 100 100 100 100 100 100 100 100 100 99 99 99 99 99 97 97 97 97 97 97 97 97 97 97 97 97 97 97 97 97 97 97 97 97 97 97 97 97 97 97 97 97 97 97 97 97 97 97 97 97 97 94 94 94 94 94 94 94 94 94 94 94 94 94 94 94 94 0 0 0
0 0 0 13 13 13 13 13 13 13 13 13 13 13 13 13 13 13 13 13 13 48 48 48 48 48 48 48 48 48 48 48 48 48 48 48 48 48 48 48 48 48 48 48 48 48 48 48 48 48 48 48 48 48 48 48 42 42 42 42 42 63 63 63 63 63 63 63 63 63 63 63 63 63 63 63 63 63 63 63 63 63 63 63 47 100 100 100 100 100 100 100 100 100 100 100 100 100 100 100 100 100 100 100 100 100 100 100 99 99 99 99 99 97 97 97 97 97 97 97 97 97 97 97 97 97 97 97 97 97 97 97 97 97 97 97 97 97 97 97 97 97 97 97 97 97 97 97 97 97 97 94 94 94 94 94 94 94 94 94 94 94 94 94 94 94 0 0 0
0 0 0 13 13 13 13 13 13 13 13 13 13 13 13 13 13 13 13 13 48 48 48 48 48 48 48 48 48 48 48 48 48 48 48 48 48 48 48 48 48 48 48 48 48 48 48 48 48 48 48 48 48 48 48 48 42 42 42 42 42 63 63 63 63 63 63 63 63 63 63 63 63 63 63 63 63 63 63 63 63 63 63 47 47 39 100 100 100 100 100 100 100 100 100 100 100 100 100 100 100 100 100 100 100 100 100 100 99 99 99 99 97 97 97 97 97 97 97 97 97 97 97 97 97 97 97 97 97 97 97 97 97 97 97 97 97 97 97 97 97 97 97 97 97 97 97 97 97 97 97 97 94 94 94 94 94 94 94 94 94 94 94 94 94 94 0 0 0
0 0 0 13 13 13 13 13 13 13 13 13 13 13 13 13 13 13 13 48 48 48 48 48 48 48 48 48 48 48 48 48 48 48 48 48 48 48 48 48 48 48 48 48 48 48 48 48 48 48 48 48 48 48 48 48 48 42 42 42 42 42 63 63 63 63 63 63 63 63 63 63 63 63 63 63 63 63 63 63 63 63 63 47 47 39 39 100 100 100 100 100 100 100 100 100 100 100 100 100 100 100 100 100 100 100 100 99 99 99 99 99 97 97 97 97 97 97 97 97 97 97 97 97 97 97 97 97 97 97 97 97 97 97 97 97 97 97 97 97 97 97 97 97 97 97 97 97 97 97 97 97 97 94 94 94 94 94 94 94 94 94 94 94 94 94 0 0 0
0 0 0 13 13 13 13 13 13 13 13 13 13 13 13 13 13 13 13 48 48 48 48 48 48 48 48 48 48 48 48 48 48 48 48 48 48 48 48 48 48 48 48 48 48 48 48 48 48 48 48 48 48 48 48 48 48 48 42 42 42 42 63 63 63 63 63 63 63 63 63 63 63 63 63 63 63 63 63 63 63 63 47 47 47 39 39 100 100 100 100 100 100 100 100 100 100 100 100 100 100 100 100 100 100 100 100 99 99 99 99 97 97 97 97 97 97 97 97 97 97 97 97 97 97 97 97 97 97 97 97 97 97 97 97 97 97 97 97 97 97 97 97 97 97 97 97 97 97 97 97 97 97 97 94 94 94 94 94 94 94 94 94 94 94 94 0 0 0
0 0 0 13 13 13 13 13 13 13 13 13 13 13 13 13 13 13 48 48 48 48 48 48 48 48 48 48 48 48 48 48 48 48 48 48 48 48 48 48 48 48 48 48 48 48 48 48 48 48 48 48 48 48 48 48 48 48 42 42 42 42 63 63 63 63 63 63 63 63 63 63 63 63 63 63 63 63 63 63 63 47 47 47 47 39 39 39 100 100 100 100 100 100 100 100 100 100 100 100 100 100 100 100 100 100 100 99 99 99 99 97 97 97 97 97 97 97 97 97 97 97 97 97 97 97 97 97 97 97 97 97 97 97 97 97 97 97 97 97 97 97 97 97 97 97 97 97 97 97 97 97 97 97 97 94 94 94 94 94 94 94 94 94 94 94 0 0 0
0 0 0 13 13 13 13 13 13 13 13 13 13 13 13 13 13 48 48 48 48 48 48 48 48 48 48 48 48 48 48 48 48 48 48 48 48 48 48 48 48 48 48 48 48 48 48 48 48 48 48 48 48 48 48 48 48 48 48 42 42 42 42 63 63 63 63 63 63 63 63 63 63 63 63 63 63 63 63 63 63 47 47 47 47 39 39 39 39 100 100 100 100 100 100 100 100 100 100 100 100 100 100 100 100 100 99 99 99 99 97 97 97 97 97 97 97 97 97 97 97 97 97 97 97 97 97 97 97 97 97 97 97 97 97 97 97 97 97 97 97 97 97 97 97 97 97 97 97 97 97 97 97 97 97 97 94 94 94 94 94 94 94 94 94 94 0 0 0
0 0 0 0 13 13 13 13 13 13 13 13 13 13 13 13 48 48 48 48 48 48 48 48 48 48 48 48 48 48 48 48 48 48 48 48 48 48 48 48 48 48 48 48 48 48 48 48 48 48 48 48 48 48 48 48 48 48 48 42 42 42 42 63 63 63 63 63 63 63 63 63 63 63 63 63 63 63 63 63 47 47 47 47 47 39 39 39 39 100 100 100 100 100 100 100 100 100 100 100 100 100 100 100 100 100 99 99 99 99 97 97 97 97 97 97 97 97 97 97 97 97 97 97 97 97 97 97 97 97 97 97 97 97 97 97 97 97 97 97 97 97 97 97 97 97 97 97 97 97 97 97 97 97 97 97 97 94 94 94 94 94 94 94 94 94 0 0 0
0 0 0 0 13 13 13 13 13 13 13 13 13 13 13 48 48 48 48 48 48 48 48 48 48 48 48 48 48 48 48 48 48 48 48 48 48 48 48 48 48 48 48 48 48 48 48 48 48 48 48 48 48 48 48 48 48 48 48 48 42 42 42 63 63 63 63 63 63 63 63 63 63 63 63 63 63 63 63 63 47 47 47 47 47 39 39 39 39 39 100 100 100 100 100 100 100 100 100 100 100 100 100 100 100 100 99 99 99 97 97 97 97 97 97 97 97 97 97 97 97 97 97 97 97 97 97 97 97 97 97 97 97 97 97 97 97 97 97 97 97 97 97 97 97 97 97 97 97 97 97 97 97 97 97 97 97 94 94 94 94 94 94 94 94 94 0 0 0
0 0 0 0 13 13 13 13 13 13 13 13 13 13 48 48 48 48 48 48 48 48 48 48 48 48 48 48 48 48 48 48 48 48 48 48 48 48 48 48 48 48 48 48 48 48 48 48 48 48 48 48 48 48 48 48 48 48 48 48 48 42 42 42 63 63 63 63 63 63 63 63 63 63 63 63 63 63 63 47 47 47 47 47 47 39 39 39 39 39 39 100 100 100 100 100 100 100 100 100 100 100 100 100 100 99 99 99 97 97 97 97 97 97 97 97 97 97 97 97 97 97 97 97 97 97 97 97 97 97 97 97 97 97 97 97 97 97 97 97 97 97 97 97 97 97 97 97 97 97 97 97 97 97 97 97 97 97 94 94 94 94 94 94 94 94 0 0 0
0 0 0 0 13 13 13 13 13 13 13 13 13 48 48 48 48 48 48 48 48 48 48 48 48 48 48 48 48 48 48 48 48 48 48 48 48 48 48 48 48 48 48 48 48 48 48 48 48 48 48 48 48 48 48 48 48 48 48 48 48 42 42 42 63 63 63 63 63 63 63 63 63 63 63 63 63 63 47 47 47 47 47 47 47 39 39 39 39 39 39 100 100 100 100 100 100 100 100 100 100 100 100 100 100 99 99 99 97 97 97 97 97 97 97 97 97 97 97 97 97 97 97 97 97 97 97 97 97 97 97 97 97 97 97 97 97 97 97 97 97 97 97 97 97 97 97 97 97 97 97 97 97 97 97 97 97 97 97 94 94 94 94 94 94 94 0 0 0
0 0 0 0 13 13 13 13 13 13 13 13 48 48 48 48 48 48 48 48 48 48 48 48 48 48 48 48 48 48 48 48 48 48 48 48 48 48 48 48 48 48 48 48 48 48 48 48 48 48 48 48 48 48 48 48 48 48 48 48 48 48 42 42 42 63 63 63 63 63 63 63 63 63 63 63 63 63 47 47 47 47 47 47 47 39 39 39 39 39 39 39 100 100 100 100 100 100 100 100 100 100 100 100 100 99 99 97 97 97 97 97 97 97 97 97 97 97 97 97 97 97 97 97 97 97 97 97 97 97 97 97 97 97 97 97 97 97 97 97 97 97 97 97 97 97 97 97 97 97 97 97 97 97 97 97 97 97 97 97 94 94 94 94 94 94 0 0 0
0 0 0 0 13 13 13 13 13 13 13 48 48 48 48 48 48 48 48 48 48 48 48 48 48 48 48 48 48 48 48 48 48 48 48 48 48 48 48 48 48 48 48 48 48 48 48 48 48 48 48 48 48 48 48 48 48 48 48 48 48 48 42 42 42 63 63 63 63 63 63 63 63 63 63 63 63 47 47 47 47 47 47 47 47 39 39 39 39 39 39 39 39 100 100 100 100 100 100 100 100 100 100 100 99 99 99 97 97 97 97 97 97 97 97 97 97 97 97 97 97 97 97 97 97 97 97 97 97 97 97 97 97 97 97 97 97 97 97 97 97 97 97 97 97 97 97 97 97 97 97 97 97 97 97 97 97 97 97 97 97 94 94 94 94 0 0 0 0
0 0 0 0 13 13 13 13 13 13 13 48 48 48 48 48 48 48 48 48 48 48 48 48 48 48 48 48 48 48 48 48 48 48 48 48 48 48 48 48 48 48 48 48 48 48 48 48 48 48 48 48 48 48 48 48 48 48 48 48 48 48 48 42 42 63 63 63 63 63 63 63 63 63 63 63 47 47 47 47 47 47 47 47 47 39 39 39 39 39 39 39 39 100 100 100 100 100 100 100 100 100 100 100 99 99 97 97 97 97 97 97 97 97 97 97 97 97 97 97 97 97 97 97 97 97 97 97 97 97 97 97 97 97 97 97 97 97 97 97 97 97 97 97 97 97 97 97 97 97 97 97 97 97 97 97 97 97 97 97 97 97 94 94 94 0 0 0 0
0 0 0 0 0 13 13 13 13 13 48 48 48 48 48 48 48 48 48 48 48 48 48 48 48 48 48 48 48 48 48 48 48 48 48 48 48 48 48 48 48 48 48 48 48 48 48 48 48 48 48 48 48 48 48 48 48 48 48 48 48 48 48 42 42 42 63 63 63 63 63 63 63 63 63 63 47 47 47 47 47 47 47 47 47 39 39 39 39 39 39 39 39 39 100 100 100 100 100 100 100 100 100 100 99 99 97 97 97 97 97 97 97 97 97 97 97 97 97 97 97 97 97 97 97 97 97 97 97 97 97 97 97 97 97 97 97 97 97 97 97 97 97 97 97 97 97 97 97 97 97 97 97 97 97 97 97 97 97 97 97 97 97 94 94 0 0 0 0
0 0 0 0 0 13 13 13 13 48 48 48 48 48 48 48 48 48 48 48 48 48 48 48 48 48 48 48 48 48 48 48 48 48 48 48 48 48 48 48 48 48 48 48 48 48 48 48 48 48 48 48 48 48 48 48 48 48 48 48 48 48 48 48 42 42 63 63 63 63 63 63 63 63 63 47 47 47 47 47 47 47 47 47 47 39 39 39 39 39 39 39 39 39 39 100 100 100 100 100 100 100 100 99 99 97 97 97 97 97 97 97 97 97 97 97 97 97 97 97 97 97 97 97 97 97 97 97 97 97 97 97 97 97 97 97 97 97 97 97 97 97 97 97 97 97 97 97 97 97 97 97 97 97 97 97 97 97 97 97 97 97 97 97 94 0 0 0 0
0 0 0 0 0 13 13 13 48 48 48 48 48 48 48 48 48 48 48 48 48 48 48 48 48 48 48 48 48 48 48 48 48 48 48 48 48 48 48 48 48 48 48 48 48 48 48 48 48 48 48 48 48 48 48 48 48 48 48 48 48 48 48 48 48 42 63 63 63 63 63 63 63 63 47 47 47 47 47 47 47 47 47 41 64 92 39 39 39 39 39 39 39 39 39 100 100 100 100 100 100 100 100 99 99 97 97 97 97 97 97 97 97 97 97 97 97 97 97 97 97 97 97 97 97 97 97 97 97 97 97 97 97 97 97 97 97 97 97 97 97 97 97 97 97 97 97 97 97 97 97 97 97 97 97 97 97 97 97 97 97 97 97 97 97 0 0 0 0
0 0 0 0 0 13 13 48 48 48 48 48 48 48 48 48 48 48 48 48 48 48 48 48 48 48 48 48 48 48 48 48 48 48 48 48 48 48 48 48 48 48 48 48 48 48 48 48 48 48 48 48 48 48 48 48 48 48 48 48 48 48 48 48 48 42 42 63 63 63 63 63 63 63 47 47 47 47 47 47 47 47 41 41 64 7 92 92 39 39 39 39 39 39 39 39 100 100 100 100 100 100 100 99 97 97 97 97 97 97 97 97 97 97 97 97 97 97 97 97 97 97 97 97 97 97 97 97 97 97 97 97 97 97 97 97 97 97 97 97 97 97 97 97 97 97 97 97 97 97 97 97 97 97 97 97 97 98 98 98 98 98 98 98 98 0 0 0 0
0 0 0 0 0 13 48 48 48 48 48 48 48 48 48 48 48 48 48 48 48 48 48 48 48 48 48 48 48 48 48 48 48 48 48 48 48 48 48 48 48 48 48 48 48 48 48 48 48 48 48 48 48 48 48 48 48 48 48 48 48 48 48 48 48 48 42 63 63 63 63 63 63 47 47 47 47 47 47 47 41 41 41 64 64 7 7 92 92 92 39 39 39 39 39 39 39 100 100 100 100 100 99 99 97 97 97 97 97 97 97 97 97 97 97 97 97 97 97 97 97 97 97 97 97 97 97 97 97 97 97 97 97 97 97 97 97 97 97 97 97 97 97 97 97 97 97 97 97 98 98 98 98 98 98 98 98 98 98 98 98 98 98 98 98 0 0 0 0
0 0 0 0 0 48 48 48 48 48 48 48 48 48 48 48 48 48 48 48 48 48 48 48 48 48 48 48 48 48 48 48 48 48 48 48 48 48 48 48 48 48 48 48 48 48 48 48 48 48 48 48 48 48 48 48 48 48 48 48 48 48 48 48 48 48 42 63 63 63 63 63 47 47 47 47 47 47 41 41 41 41 64 64 64 7 7 7 92 92 92 92 39 39 39 39 39 100 100 100 100 100 99 97 97 97 97 97 97 97 97 97 97 97 97 97 97 97 97 97 97 97 97 97 97 97 97 97 97 97 97 97 97 97 97 97 97 97 97 97 98 98 98 98 98 98 98 98 98 98 98 98 98 98 98 98 98 98 98 98 98 98 98 98 98 0 0 0 0
0 0 0 0 0 49 49 49 49 49 49 49 49 49 49 49 49 48 48 48 48 48 48 48 48 48 48 48 48 48 48 48 48 48 48 48 48 48 48 48 48 48 48 48 48 48 48 48 48 48 48 48 48 48 48 48 48 48 48 48 48 48 48 48 48 48 48 42 63 63 63 63 47 47 47 47 41 41 41 41 41 41 64 64 64 7 7 7 92 92 92 92 92 92 39 39 39 39 100 100 100 100 99 97 97 97 97 97 97 97 97 97 97 97 97 97 97 97 97 97 97 97 97 97 97 97 97 97 97 97 97 97 98 98 98 98 98 98 98 98 98 98 98 98 98 98 98 98 98 98 98 98 98 98 98 98 98 98 98 98 98 98 98 98 0 0 0 0 0
0 0 0 0 0 0 49 49 49 49 49 49 49 49 49 49 49 49 49 49 49 49 49 49 49 49 49 49 49 49 48 48 48 48 48 48 48 48 48 48 48 48 48 48 48 48 48 48 48 48 48 48 48 48 48 48 48 48 48 48 48 48 48 48 48 48 48 42 63 63 63 47 47 47 47 41 41 41 41 41 41 64 64 64 64 7 7 7 7 92 92 92 92 92 92 92 39 39 39 100 100 99 97 97 97 97 97 97 97 97 97 97 97 97 97 97 97 97 97 97 97 97 97 98 98 98 98 98 98 98 98 98 98 98 98 98 98 98 98 98 98 98 98 98 98 98 98 98 98 98 98 98 98 98 98 98 98 98 98 98 98 98 98 98 0 0 0 0 0
0 0 0 0 0 0 49 49 49 49 49 49 49 49 49 49 49 49 49 49 49 49 49 49 49 49 49 49 49 49 49 49 49 49 49 49 49 49 49 49 49 49 48 48 48 48 48 48 48 48 48 48 48 48 48 48 48 48 48 48 48 48 48 48 48 48 48 48 63 63 47 47 47 41 41 41 41 41 41 41 64 64 64 64 64 7 7 7 7 7 92 92 92 92 92 92 92 92 39 39 100 97 97 97 97 97 97 97 97 97 97 97 97 97 97 98 98 98 98 98 98 98 98 98 98 98 98 98 98 98 98 98 98 98 98 98 98 98 98 98 98 98 98 98 98 98 98 98 98 98 98 98 98 98 98 98 98 98 98 98 98 98 98 98 0 0 0 0 0
0 0 0 0 0 0 49 49 49 49 49 49 49 49 49 49 49 49 49 49 49 49 49 49 49 49 49 49 49 49 49 49 49 49 49 49 49 49 49 49 49 49 49 49 49 49 49 49 49 49 49 49 49 49 49 48 48 48 48 48 48 48 48 48 48 48 48 48 48 63 47 41 41 41 41 41 41 41 41 41 64 64 64 64 64 7 7 7 7 7 92 92 92 92 92 92 92 92 92 39 100 97 97 97 97 97 98 98 98 98 98 98 98 98 98 98 98 98 98 98 98 98 98 98 98 98 98 98 98 98 98 98 98 98 98 98 98 98 98 98 98 98 98 98 98 98 98 98 98 98 98 98 98 98 98 98 98 98 98 98 98 98 98 98 0 0 0 0 0
0 0 0 0 0 0 49 49 49 49 49 49 49 49 49 49 49 49 49 49 49 49 49 49 49 49 49 49 49 49 49 49 49 49 49 49 49 49 49 49 49 49 49 49 49 49 49 49 49 49 49 49 49 49 49 49 49 49 49 49 49 49 49 49 49 49 49 49 48 41 41 41 41 41 41 41 41 41 41 64 64 64 64 64 64 7 7 7 7 7 7 92 92 92 92 92 92 92 92 92 75 88 98 98 98 98 98 98 98 98 98 98 98 98 98 98 98 98 98 98 98 98 98 98 98 98 98 98 98 98 98 98 98 98 98 98 98 98 98 98 98 98 98 98 98 98 98 98 98 98 98 98 98 98 98 98 98 98 98 98 98 98 98 98 0 0 0 0 0
0 0 0 0 0 0 0 49 49 49 49 49 49 49 49 49 49 49 49 49 49 49 49 49 49 49 49 49 49 49 49 49 49 49 49 49 49 49 49 49 49 49 49 49 49 49 49 49 49 49 49 49 49 49 49 49 49 49 49 49 49 49 49 49 49 49 45 45 45 52 52 52 41 41 41 41 41 41 64 64 64 64 64 64 64 7 7 7 7 7 7 7 92 92 92 92 92 96 96 96 75 88 88 88 88 88 98 98 98 98 98 98 98 98 98 98 98 98 98 98 98 98 98 98 98 98 98 98 98 98 98 98 98 98 98 98 98 98 98 98 98 98 98 98 98 98 98 98 98 98 98 98 98 98 98 98 98 98 98 98 98 98 98 98 0 0 0 0 0
0 0 0 0 0 0 0 49 49 49 49 49 49 49 49 49 49 49 49 49 49 49 49 49 49 49 49 49 49 49 49 49 49 49 49 49 49 49 49 49 49 49 49 49 49 49 49 49 49 49 49 49 49 49 49 49 49 49 49 49 49 49 45 45 45 45 45 45 62 52 52 52 52 52 41 41 41 41 64 64 64 64 64 64 64 7 7 7 7 7 7 7 7 92 92 96 96 96 96 96 75 27 88 88 88 88 88 88 88 88 98 98 98 98 98 98 98 98 98 98 98 98 98 98 98 98 98 98 98 98 98 98 98 98 98 98 98 98 98 98 98 98 98 98 98 98 98 98 98 98 98 98 98 98 98 98 98 98 98 98 98 98 98 0 0 0 0 0 0
0 0 0 0 0 0 0 49 49 49 49 49 49 49 49 49 49 49 49 49 49 49 49 49 49 49 49 49 49 49 49 49 49 49 49 49 49 49 49 49 49 49 49 49 49 49 49 49 49 49 49 49 49 49 49 49 49 49 49 45 45 45 45 45 45 45 45 45 62 52 52 52 52 52 52 52 52 64 64 64 64 64 64 64 64 7 7 7 7 7 7 7 7 96 96 96 96 96 96 75 75 27 27 88 88 88 88 88 88 88 88 88 88 88 88 98 98 98 98 98 98 98 98 98 98 98 98 98 98 98 98 98 98 98 98 98 98 98 98 98 98 98 98 98 98 98 98 98 98 98 98 98 98 98 98 98 98 98 98 98 98 98 98 0 0 0 0 0 0
0 0 0 0 0 0 0 49 49 49 49 49 49 49 49 49 49 49 49 49 49 49 49 49 49 49 49 49 49 49 49 49 49 49 49 49 49 49 49 49 49 49 49 49 49 49 49 49 49 49 49 49 49 49 49 45 45 45 45 45 45 45 45 45 45 45 45 62 62 52 52 52 52 52 52 52 65 66 66 66 64 64 64 64 64 7 7 7 7 7 68 68 68 96 96 96 96 96 96 75 75 75 27 88 88 88 88 88 88 88 88 88 88 88 88 88 88 88 88 98 98 98 98 98 98 98 98 98 98 98 98 98 98 98 98 98 98 98 98 98 98 98 98 98 98 98 98 98 98 98 98 98 98 98 98 98 98 98 98 98 98 98 98 0 0 0 0 0 0
0 0 0 0 0 0 0 0 49 49 49 49 49 49 49 49 49 49 49 49 49 49 49 49 49 49 49 49 49 49 49 49 49 49 49 49 49 49 49 49 49 49 49 49 49 49 49 49 49 49 49 45 45 45 45 45 45 45 45 45 45 45 45 45 45 45 45 62 52 52 52 52 52 52 52 52 65 66 66 66 66 66 66 64 64 7 7 68 68 68 68 68 68 96 96 96 96 96 96 75 75 75 27 27 88 88 88 88 88 88 88 88 88 88 88 88 88 88 88 88 88 88 88 98 98 98 98 98 98 98 98 98 98 98 98 98 98 98 98 98 98 98 98 98 98 98 98 98 98 98 98 98 98 98 98 98 98 98 98 98 98 98 98 0 0 0 0 0 0
0 0 0 0 0 0 0 0 49 49 49 49 49 49 49 49 49 49 49 49 49 49 49 49 49 49 49 49 49 49 49 49 49 49 49 49 49 49 49 49 49 49 49 49 49 49 49 49 45 45 45 45 45 45 45 45 45 45 45 45 45 45 45 45 45 45 62 62 52 52 52 52 52 52 52 65 65 66 66 66 66 66 66 66 66 68 68 68 68 68 68 68 68 96 96 96 96 96 96 75 75 75 27 27 88 88 88 88 88 88 88 88 88 88 88 88 88 88 88 88 88 88 88 88 88 88 88 98 98 98 98 98 98 98 98 98 98 98 98 98 98 98 98 98 98 98 98 98 98 98 98 98 98 98 98 98 98 98 98 98 98 98 98 0 0 0 0 0 0
0 0 0 0 0 0 0 0 49 49 49 49 49 49 49 49 49 49 49 49 49 49 49 49 49 49 49 49 49 49 49 49 49 49 49 49 49 49 49 49 49 49 49 49 45 45 45 45 45 45 45 45 45 45 45 45 45 45 45 45 45 45 45 45 45 45 62 62 52 52 52 52 52 52 52 65 65 66 66 66 66 66 66 66 69 95 68 68 68 68 68 68 68 96 96 96 96 96 75 75 75 75 27 27 27 88 88 88 88 88 88 88 88 88 88 88 88 88 88 88 88 88 88 88 88 88 88 88 88 88 88 98 98 98 98 98 98 98 98 98 98 98 98 98 98 98 98 98 98 98 98 98 98 98 98 98 98 98 98 98 98 98 0 0 0 0 0 0 0
0 0 0 0 0 0 0 0 49 49 49 49 49 49 49 49 49 49 49 49 49 49 49 49 49 49 49 49 49 49 49 49 49 49 49 49 49 49 49 49 45 45 45 45 45 45 45 45 45 45 45 45 45 45 45 45 45 45 45 45 45 45 45 45 45 62 62 62 52 52 52 52 52 52 65 65 65 66 66 66 66 66 66 66 69 95 68 68 68 68 68 68 68 96 96 96 96 96 75 75 75 75 27 27 27 88 88 88 88 88 88 88 88 88 88 88 88 88 88 88 88 88 88 88 88 88 88 88 88 88 88 88 88 88 88 88 98 98 98 98 98 98 98 98 98 98 98 98 98 98 98 98 98 98 98 98 98 98 98 98 98 98 0 0 0 0 0 0 0
0 0 0 0 0 0 0 0 0 49 49 49 49 49 49 49 49 49 49 49 49 49 49 49 49 49 49 49 49 49 49 49 49 49 49 49 49 45 45 45 45 45 45 45 45 45 45 45 45 45 45 45 45 45 45 45 45 45 45 45 45 45 45 45 45 62 62 62 52 52 52 52 52 52 65 65 65 66 66 66 66 66 66 69 69 95 95 68 68 68 68 68 68 96 96 96 96 96 75 75 75 75 75 27 27 27 88 88 88 88 88 88 88 88 88 88 88 88 88 88 88 88 88 88 88 88 88 88 88 88 88 88 88 88 88 88 88 88 88 88 98 98 98 98 98 98 98 98 98 98 98 98 98 98 98 98 98 98 98 98 98 98 0 0 0 0 0 0 0
0 0 0 0 0 0 0 0 0 49 49 49 49 49 49 49 49 49 49 49 49 49 49 49 49 49 49 49 49 49 49 49 49 45 45 45 45 45 45 45 45 45 45 45 45 45 45 45 45 45 45 45 45 45 45 45 45 45 45 45 45 45 45 45 62 62 62 62 52 52 52 52 52 65 65 65 65 66 66 66 66 66 66 69 69 95 95 95 68 68 68 68 68 96 96 96 96 75 75 75 75 75 75 27 27 27 27 88 88 88 88 88 88 88 88 88 88 88 88 88 88 88 88 88 88 88 88 88 88 88 88 88 88 88 88 88 88 88 88 88 88 88 88 88 98 98 98 98 98 98 98 98 98 98 98 98 98 98 98 98 98 98 0 0 0 0 0 0 0
0 0 0 0 0 0 0 0 0 49 49 49 49 49 49 49 49 49 49 49 49 49 49 49 49 49 49 49 49 45 45 45 45 45 45 45 45 45 45 45 45 45 45 45 45 45 45 45 45 45 45 45 45 45 45 45 45 45 45 45 45 45 45 45 62 62 62 52 52 52 52 52 65 65 65 65 65 66 66 66 66 66 69 69 69 95 95 95 68 68 68 68 68 96 96 96 96 75 75 75 75 75 75 27 27 27 27 88 88 88 88 88 88 88 88 88 88 88 88 88 88 88 88 88 88 88 88 88 88 88 88 88 88 88 88 88 88 88 88 88 88 88 88 88 88 88 88 88 98 98 98 98 98 98 98 98 98 98 98 98 98 98 0 0 0 0 0 0 0
0 0 0 0 0 0 0 0 0 49 49 49 49 49 49 49 49 49 49 49 49 49 49 49 49 49 45 45 45 45 45 45 45 45 45 45 45 45 45 45 45 45 45 45 45 45 45 45 45 45 45 45 45 45 45 45 45 45 45 45 45 45 45 62 62 62 62 52 52 52 52 52 65 65 65 65 65 66 66 66 66 66 69 69 69 95 95 95 95 68 68 68 68 68 96 96 96 75 75 75 75 75 75 27 27 27 27 27 88 88 88 88 88 88 88 88 88 88 88 88 88 88 88 88 88 88 88 88 88 88 88 88 88 88 88 88 88 88 88 88 88 88 88 88 88 88 88 88 88 88 88 88 98 98 98 98 98 98 98 98 98 98 0 0 0 0 0 0 0
0 0 0 0 0 0 0 0 0 49 49 49 49 49 49 49 49 49 49 49 49 49 45 45 45 45 45 45 45 45 45 45 45 45 45 45 45 45 45 45 45 45 45 45 45 45 45 45 45 45 45 45 45 45 45 45 45 45 45 45 45 45 45 62 62 62 62 52 52 52 52 65 65 65 65 65 65 66 66 66 66 69 69 69 69 95 95 95 95 68 68 68 68 68 96 96 75 75 75 75 75 75 75 75 27 27 27 27 88 88 88 88 88 88 88 88 88 88 88 88 88 88 88 88 88 88 88 88 88 88 88 88 88 88 88 88 88 88 88 88 88 88 88 88 88 88 88 88 88 88 88 88 88 88 88 88 88 98 98 98 98 0 0 0 0 0 0 0 0
0 0 0 0 0 0 0 0 0 0 49 49 49 49 49 49 49 49 45 45 45 45 45 45 45 45 45 45 45 45 45 45 45 45 45 45 45 45 45 45 45 45 45 45 45 45 45 45 45 45 45 45 45 45 45 45 45 45 45 45 45 45 62 62 62 62 62 52 52 52 52 65 65 65 65 65 65 66 66 66 66 69 69 69 69 95 95 95 95 95 68 68 68 68 96 96 75 75 75 75 75 75 75 75 27 27 27 27 27 88 88 88 88 88 88 88 88 88 88 88 88 88 88 88 88 88 88 88 88 88 88 88 88 88 88 88 88 88 88 88 88 88 88 88 88 88 88 88 88 88 88 88 88 88 88 88 88 88 88 88 88 0 0 0 0 0 0 0 0
0 0 0 0 0 0 0 0 0 0 49 49 49 49 49 45 45 45 45 45 45 45 45 45 45 45 45 45 45 45 45 45 45 45 45 45 45 45 45 45 45 45 45 45 45 45 45 45 45 45 45 45 45 45 45 45 45 45 45 45 45 62 62 62 62 62 62 52 52 52 65 65 65 65 65 65 65 66 66 66 69 69 69 69 69 95 95 95 95 95 95 68 68 68 96 96 75 75 75 75 75 75 75 75 27 27 27 27 27 27 88 88 88 88 88 88 88 88 88 88 88 88 88 88 88 88 88 88 88 88 88 88 88 88 88 88 88 88 88 88 88 88 88 88 88 88 88 88 88 88 88 88 88 88 88 88 88 88 93 93 93 0 0 0 0 0 0 0 0
0 0 0 0 0 0 0 0 0 0 49 45 45 45 45 45 45 45 45 45 45 45 45 45 45 45 45 45 45 45 45 45 45 45 45 45 45 45 45 45 45 45 45 45 45 45 45 45 45 45 45 45 45 45 45 45 45 45 45 45 45 62 62 62 62 62 62 52 52 52 65 65 65 65 65 65 65 66 66 66 69 69 69 69 69 95 95 95 95 95 95 68 68 68 96 75 75 75 75 75 75 75 75 75 27 27 27 27 27 27 88 88 88 88 88 88 88 88 88 88 88 88 88 88 88 88 88 88 88 88 88 88 88 88 88 88 88 88 88 88 88 88 88 88 88 88 88 88 88 88 88 88 88 88 88 93 93 93 93 93 0 0 0 0 0 0 0 0 0
0 0 0 0 0 0 0 0 0 0 0 53 53 45 45 45 45 45 45 45 45 45 45 45 45 45 45 45 45 45 45 45 45 45 45 45 45 45 45 45 45 45 45 45 45 45 45 45 45 45 45 45 45 45 45 45 45 45 45 45 62 62 62 62 62 62 62 52 52 65 65 65 65 65 65 65 65 66 66 69 69 69 69 69 69 95 95 95 95 95 95 95 68 68 96 75 75 75 75 75 75 75 75 75 27 27 27 27 27 27 27 88 88 88 88 88 88 88 88 88 88 88 88 88 88 88 88 88 88 88 88 88 88 88 88 88 88 88 88 88 88 88 88 88 88 88 88 88 88 88 88 93 93 93 93 93 93 93 93 93 0 0 0 0 0 0 0 0 0
0 0 0 0 0 0 0 0 0 0 0 53 53 53 53 53 45 45 45 45 45 45 45 45 45 45 45 45 45 45 45 45 45 45 45 45 45 45 45 45 45 45 45 45 45 45 45 45 45 45 45 45 45 45 45 45 45 45 45 45 62 62 62 62 62 62 52 52 65 65 65 65 65 65 65 65 65 66 66 69 69 69 69 69 69 95 95 95 95 95 95 95 68 68 96 75 75 75 75 75 75 75 75 75 75 27 27 27 27 27 27 88 88 88 88 88 88 88 88 88 88 88 88 88 88 88 88 88 88 88 88 88 88 88 88 88 88 88 88 88 88 88 88 88 88 88 88 88 93 93 93 93 93 93 93 93 93 93 93 93 0 0 0 0 0 0 0 0 0
0 0 0 0 0 0 0 0 0 0 0 53 53 53 53 53 53 53 53 53 45 45 45 45 45 45 45 45 45 45 45 45 45 45 45 45 45 45 45 45 45 45 45 45 45 45 45 45 45 45 45 45 45 45 45 45 45 45 45 62 62 62 62 62 62 62 52 52 65 65 65 65 65 65 65 65 65 66 69 69 69 69 69 69 69 95 95 95 95 95 95 95 95 68 75 75 75 75 75 75 75 75 75 75 75 27 27 27 27 27 27 27 88 88 88 88 88 88 88 88 88 88 88 88 88 88 88 88 88 88 88 88 88 88 88 88 88 88 88 88 88 88 88 88 88 93 93 93 93 93 93 93 93 93 93 93 93 93 93 0 0 0 0 0 0 0 0 0 0
0 0 0 0 0 0 0 0 0 0 0 0 53 53 53 53 53 53 53 53 53 53 53 45 45 45 45 45 45 45 45 45 45 45 45 45 45 45 45 45 45 45 45 45 45 45 45 45 45 45 45 45 45 45 45 45 45 45 45 62 62 62 62 62 62 62 52 65 65 65 65 65 65 65 65 65 65 66 69 69 69 69 69 69 69 95 95 95 95 95 95 95 95 95 75 75 75 75 75 75 75 75 75 75 75 27 27 27 27 27 27 27 88 88 88 88 88 88 88 88 88 88 88 88 88 88 88 88 88 88 88 88 88 88 88 88 88 88 88 88 88 88 93 93 93 93 93 93 93 93 93 93 93 93 93 93 93 93 93 0 0 0 0 0 0 0 0 0 0
0 0 0 0 0 0 0 0 0 0 0 0 53 53 53 53 53 53 53 53 53 53 53 53 53 53 53 45 45 45 45 45 45 45 45 45 45 45 45 45 45 45 45 45 45 45 45 45 45 45 45 45 45 45 45 45 45 45 62 62 62 62 62 62 62 62 52 65 65 65 65 65 65 65 65 65 61 67 67 69 69 69 69 69 69 95 95 95 95 95 95 95 20 20 18 18 18 75 75 75 75 75 75 75 75 27 27 27 27 27 27 27 27 88 88 88 88 88 88 88 88 88 88 88 88 88 88 88 88 88 88 88 88 88 88 88 88 88 93 93 93 93 93 93 93 93 93 93 93 93 93 93 93 93 93 93 93 93 0 0 0 0 0 0 0 0 0 0 0
0 0 0 0 0 0 0 0 0 0 0 0 0 53 53 53 53 53 53 53 53 53 53 53 53 53 53 53 53 53 45 45 45 45 45 45 45 45 45 45 45 45 45 45 45 45 45 45 45 45 45 45 45 45 45 45 45 45 62 62 62 62 62 62 62 62 65 65 65 65 65 61 61 61 61 61 61 67 67 67 67 67 67 69 69 95 95 20 20 20 20 20 20 20 18 18 18 18 18 18 18 18 75 75 75 27 27 27 27 27 27 27 27 27 88 88 88 88 88 88 88 88 88 88 88 88 88 88 88 88 88 88 88 88 88 93 93 93 93 93 93 93 93 93 93 93 93 93 93 93 93 93 93 93 93 93 93 93 0 0 0 0 0 0 0 0 0 0 0
0 0 0 0 0 0 0 0 0 0 0 0 0 53 53 53 53 53 53 53 53 53 53 53 53 53 53 53 53 53 53 53 53 53 45 45 45 45 45 45 45 45 45 45 45 45 45 45 45 45 45 45 45 45 45 45 45 62 62 62 62 62 62 62 62 62 61 61 61 61 61 61 61 61 61 61 61 67 67 67 67 67 67 67 14 73 20 20 20 20 20 20 20 20 18 18 18 18 18 18 18 18 18 18 18 80 27 27 27 27 27 27 27 27 88 88 88 88 88 88 88 88 88 88 88 88 88 88 88 88 88 88 93 93 93 93 93 93 93 93 93 93 93 93 93 93 93 93 93 93 93 93 93 93 93 93 93 93 0 0 0 0 0 0 0 0 0 0 0
0 0 0 0 0 0 0 0 0 0 0 0 0 0 53 53 53 53 53 53 53 53 53 53 53 53 53 53 53 53 53 53 53 53 53 53 53 45 45 45 45 45 45 45 45 45 45 45 45 45 45 45 45 45 45 45 45 62 62 62 62 62 62 62 51 6 16 60 61 61 61 61 61 61 61 61 61 67 67 67 67 67 67 14 14 73 73 73 20 20 20 20 20 20 18 18 18 18 18 18 18 18 18 71 80 80 87 77 77 27 27 27 27 27 27 88 88 88 88 88 88 88 88 88 88 88 88 88 93 93 93 93 93 93 93 93 93 93 93 93 93 93 93 93 93 93 93 93 93 93 93 93 93 93 93 93 93 0 0 0 0 0 0 0 0 0 0 0 0
0 0 0 0 0 0 0 0 0 0 0 0 0 0 53 53 53 53 53 53 53 53 53 53 53 53 53 53 53 53 53 53 53 53 53 53 53 53 53 53 53 45 45 45 45 45 45 45 45 45 45 45 45 45 45 45 62 62 62 62 62 62 51 51 6 6 16 16 60 60 61 61 61 61 61 61 61 67 67 67 67 67 14 14 14 73 73 73 73 20 20 20 20 20 18 18 18 18 18 18 71 71 71 80 80 80 87 87 77 77 77 27 27 27 27 88 88 88 88 88 88 88 88 88 88 93 93 93 93 93 93 93 93 93 93 93 93 93 93 93 93 93 93 93 93 93 93 93 93 93 93 93 93 93 93 93 93 0 0 0 0 0 0 0 0 0 0 0 0
0 0 0 0 0 0 0 0 0 0 0 0 0 0 53 53 53 53 53 53 53 53 53 53 53 53 53 53 53 53 53 53 53 53 53 53 53 53 53 53 53 53 53 53 45 45 45 45 45 45 45 45 45 45 45 45 62 62 62 62 51 51 51 6 6 6 16 16 16 60 60 60 61 61 61 61 61 67 67 67 14 14 14 14 14 73 73 73 73 73 73 20 20 20 18 18 18 18 71 71 71 71 80 80 80 80 87 87 87 77 77 77 77 27 27 27 88 88 88 88 88 88 93 93 93 93 93 93 93 93 93 93 93 93 93 93 93 93 93 93 93 93 93 93 93 93 93 93 93 93 93 93 93 93 93 93 0 0 0 0 0 0 0 0 0 0 0 0 0
0 0 0 0 0 0 0 0 0 0 0 0 0 0 0 53 53 53 53 53 53 53 53 53 53 53 53 53 53 53 53 53 53 53 53 53 53 53 53 53 53 53 53 53 53 53 53 53 45 45 45 45 45 45 45 62 62 62 51 51 51 6 6 6 6 6 16 16 16 16 60 60 60 60 61 61 61 67 67 14 14 14 14 14 14 73 73 73 73 73 73 73 73 20 18 18 71 71 71 71 71 80 80 80 80 80 87 87 87 87 87 77 77 77 77 77 27 88 93 93 93 93 93 93 93 93 93 93 93 93 93 93 93 93 93 93 93 93 93 93 93 93 93 93 93 93 93 93 93 93 93 93 93 93 93 93 0 0 0 0 0 0 0 0 0 0 0 0 0
0 0 0 0 0 0 0 0 0 0 0 0 0 0 0 53 53 53 53 53 53 53 53 53 53 53 53 53 53 53 53 53 53 53 53 53 53 53 53 53 53 53 53 53 53 53 53 53 53 53 53 45 45 45 45 62 51 51 51 51 6 6 6 6 6 6 16 16 16 16 16 60 60 60 60 60 60 67 14 14 14 14 14 14 14 73 73 73 73 73 73 73 73 72 71 71 71 71 71 71 80 80 80 80 80 80 87 87 87 87 87 87 77 77 86 86 89 90 90 90 93 93 93 93 93 93 93 93 93 93 93 93 93 93 93 93 93 93 93 93 93 93 93 93 93 93 93 93 93 93 93 93 93 93 93 93 0 0 0 0 0 0 0 0 0 0 0 0 0
0 0 0 0 0 0 0 0 0 0 0 0 0 0 0 0 53 53 53 53 53 53 53 53 53 53 53 53 53 53 53 53 53 53 53 53 53 53 53 53 53 53 53 53 53 53 53 53 53 53 53 53 53 53 12 50 51 51 51 6 6 6 6 6 6 6 16 16 16 16 16 16 60 60 60 60 60 19 19 19 19 19 19 19 19 59 72 72 72 72 72 72 72 72 71 71 71 71 80 80 80 80 80 80 80 80 87 87 87 87 87 87 86 86 86 89 89 89 90 90 90 90 90 90 90 93 93 93 93 93 93 93 93 93 93 93 93 93 93 93 93 93 93 93 93 93 93 93 93 93 93 93 93 93 93 0 0 0 0 0 0 0 0 0 0 0 0 0 0
0 0 0 0 0 0 0 0 0 0 0 0 0 0 0 0 53 53 53 53 53 53 53 53 53 53 53 53 53 53 53 53 53 53 53 53 53 53 53 53 53 53 53 53 53 53 53 53 53 54 54 54 54 12 12 12 50 50 50 50 6 6 6 6 6 6 16 16 16 16 16 16 16 16 60 60 60 19 19 19 19 19 19 58 58 59 59 59 72 72 72 72 72 72 71 71 71 80 80 80 80 80 80 80 80 80 87 87 87 87 87 86 86 86 89 89 89 89 89 90 90 90 90 90 90 90 90 90 90 90 93 93 93 93 93 93 93 93 93 93 93 93 93 93 93 93 93 93 93 93 93 93 93 93 93 0 0 0 0 0 0 0 0 0 0 0 0 0 0
0 0 0 0 0 0 0 0 0 0 0 0 0 0 0 0 0 53 53 53 53 53 53 53 53 53 53 53 53 53 53 53 53 53 53 53 53 53 53 53 53 53 53 53 54 54 54 54 54 54 54 54 12 12 12 12 12 50 50 50 6 6 6 6 6 6 16 16 16 16 16 16 16 16 16 60 60 19 19 19 19 58 58 58 58 59 59 59 59 59 72 72 72 72 71 71 80 80 80 80 80 80 80 80 80 80 87 87 87 87 87 86 86 86 89 89 89 89 89 89 90 90 90 90 90 90 90 90 90 90 90 90 90 90 90 90 93 93 93 93 93 93 93 93 93 93 93 93 93 93 93 93 93 93 0 0 0 0 0 0 0 0 0 0 0 0 0 0 0
0 0 0 0 0 0 0 0 0 0 0 0 0 0 0 0 0 53 53 53 53 53 53 53 53 53 53 53 53 53 53 53 53 53 53 53 53 53 53 54 54 54 54 54 54 54 54 54 54 54 54 12 12 12 12 12 12 12 50 50 50 6 6 6 6 6 16 16 16 16 16 16 16 16 16 16 60 19 19 58 58 58 58 58 58 59 59 59 59 59 59 59 59 72 71 80 80 80 80 80 80 80 80 80 80 80 87 87 87 87 86 86 86 89 89 89 89 89 89 89 89 90 90 90 90 90 90 90 90 90 90 90 90 90 90 90 90 90 90 90 90 93 93 93 93 93 93 93 93 93 93 93 93 93 0 0 0 0 0 0 0 0 0 0 0 0 0 0 0
0 0 0 0 0 0 0 0 0 0 0 0 0 0 0 0 0 53 53 53 53 53 53 53 53 53 53 53 53 53 53 53 53 53 53 54 54 54 54 54 54 54 54 54 54 54 54 54 54 54 54 12 12 12 12 12 12 12 12 50 50 50 6 6 6 6 16 16 16 16 16 16 16 16 16 16 16 58 58 58 58 58 58 58 58 59 59 59 59 59 59 59 74 74 85 80 80 80 80 80 80 80 80 80 80 80 87 87 87 87 86 86 89 89 89 89 89 89 89 89 89 89 90 90 90 90 90 90 90 90 90 90 90 90 90 90 90 90 90 90 90 90 90 90 90 90 93 93 93 93 93 93 93 0 0 0 0 0 0 0 0 0 0 0 0 0 0 0 0
0 0 0 0 0 0 0 0 0 0 0 0 0 0 0 0 0 0 53 53 53 53 53 53 53 53 53 53 53 53 54 54 54 54 54 54 54 54 54 54 54 54 54 54 54 54 54 54 54 54 12 12 12 12 12 12 12 12 12 12 50 50 6 6 6 6 16 16 16 16 16 16 16 16 16 56 56 70 70 70 70 70 70 70 70 74 74 74 74 74 74 74 74 74 74 85 85 80 80 80 80 80 80 80 80 80 87 87 87 86 86 89 89 89 89 89 89 89 89 89 89 89 89 90 90 90 90 90 90 90 90 90 90 90 90 90 90 90 90 90 90 90 90 90 90 90 90 90 90 90 90 90 93 0 0 0 0 0 0 0 0 0 0 0 0 0 0 0 0
0 0 0 0 0 0 0 0 0 0 0 0 0 0 0 0 0 0 53 53 53 53 53 53 53 54 54 54 54 54 54 54 54 54 54 54 54 54 54 54 54 54 54 54 54 54 54 54 54 12 12 12 12 12 12 12 12 12 12 12 12 50 50 6 6 6 16 16 16 16 16 16 16 16 56 56 56 70 70 70 70 70 70 70 76 15 74 74 74 74 74 74 74 74 74 85 85 85 85 80 80 80 80 80 80 80 87 87 86 86 89 89 89 89 89 89 89 89 89 89 89 89 89 89 90 90 90 90 90 90 90 90 90 90 90 90 90 90 90 90 90 90 90 90 90 90 90 90 90 90 90 90 0 0 0 0 0 0 0 0 0 0 0 0 0 0 0 0 0
0 0 0 0 0 0 0 0 0 0 0 0 0 0 0 0 0 0 0 53 54 54 54 54 54 54 54 54 54 54 54 54 54 54 54 54 54 54 54 54 54 54 54 54 54 54 54 54 12 12 12 12 12 12 12 12 12 12 12 12 12 12 50 6 6 6 16 16 16 16 16 16 56 56 56 56 56 70 70 70 70 70 70 76 76 15 15 74 74 74 74 74 74 74 74 85 85 85 85 85 85 80 80 80 80 80 87 87 86 89 89 89 89 89 89 89 89 89 89 89 89 89 89 89 89 90 90 90 90 90 90 90 90 90 90 90 90 90 90 90 90 90 90 90 90 90 90 90 90 90 90 90 0 0 0 0 0 0 0 0 0 0 0 0 0 0 0 0 0
0 0 0 0 0 0 0 0 0 0 0 0 0 0 0 0 0 0 0 54 54 54 54 54 54 54 54 54 54 54 54 54 54 54 54 54 54 54 54 54 54 54 54 54 54 54 54 12 12 12 12 12 12 12 12 12 12 12 12 12 12 12 12 50 6 6 16 16 16 16 56 56 56 56 56 56 56 70 70 70 70 70 70 76 76 15 15 15 74 74 74 74 74 74 74 85 85 85 85 85 85 85 85 80 80 80 80 86 89 89 89 89 89 89 89 89 89 89 89 89 89 89 89 89 89 89 90 90 90 90 90 90 90 90 90 90 90 90 90 90 90 90 90 90 90 90 90 90 90 90 90 0 0 0 0 0 0 0 0 0 0 0 0 0 0 0 0 0 0
0 0 0 0 0 0 0 0 0 0 0 0 0 0 0 0 0 0 0 0 54 54 54 54 54 54 54 54 54 54 54 54 54 54 54 54 54 54 54 54 54 54 54 54 54 54 12 12 12 12 12 12 12 12 12 12 12 12 12 12 12 12 12 12 50 6 16 16 56 56 56 56 56 56 56 56 56 70 70 70 70 70 76 76 76 15 15 15 15 74 74 74 74 74 74 85 85 85 85 85 85 85 85 85 85 80 80 89 89 89 89 89 89 89 89 89 89 89 89 89 89 89 89 89 89 89 89 90 90 90 90 90 90 90 90 90 90 90 90 90 90 90 90 90 90 90 90 90 90 90 0 0 0 0 0 0 0 0 0 0 0 0 0 0 0 0 0 0 0
0 0 0 0 0 0 0 0 0 0 0 0 0 0 0 0 0 0 0 0 0 54 54 54 54 54 54 54 54 54 54 54 54 54 54 54 54 54 54 54 54 54 54 54 54 12 12 12 12 12 12 12 12 12 12 12 12 12 12 12 12 12 12 12 12 6 16 56 56 56 56 56 56 56 56 56 56 70 70 70 70 76 76 76 76 15 15 15 15 15 15 74 74 74 74 85 85 85 85 85 85 85 85 85 85 85 83 89 89 89 89 89 89 89 89 89 89 89 89 89 89 89 89 89 89 89 89 89 90 90 90 90 90 90 90 90 90 90 90 90 90 90 90 90 90 90 90 90 90 90 0 0 0 0 0 0 0 0 0 0 0 0 0 0 0 0 0 0 0
0 0 0 0 0 0 0 0 0 0 0 0 0 0 0 0 0 0 0 0 0 0 54 54 54 54 54 54 54 54 54 54 54 54 54 54 54 54 54 54 54 54 54 54 12 12 12 12 12 12 12 12 12 12 12 12 12 12 12 12 12 12 12 12 12 57 56 56 56 56 56 56 56 56 56 56 56 70 70 70 76 76 76 76 76 15 15 15 15 15 15 15 74 74 74 85 85 85 85 85 85 85 85 85 83 83 83 84 84 84 89 89 89 89 89 89 89 89 89 89 89 89 89 89 89 89 89 89 89 90 90 90 90 90 90 90 90 90 90 90 90 90 90 90 90 90 90 90 90 0 0 0 0 0 0 0 0 0 0 0 0 0 0 0 0 0 0 0 0
0 0 0 0 0 0 0 0 0 0 0 0 0 0 0 0 0 0 0 0 0 0 54 54 54 54 54 54 54 54 54 54 54 54 54 54 54 54 54 54 54 54 54 12 12 12 12 12 12 12 12 12 12 12 12 12 12 12 12 12 12 12 55 55 55 57 57 57 57 56 56 56 56 56 56 56 56 70 70 76 76 76 76 76 76 15 15 15 15 15 15 15 15 74 74 85 85 85 85 85 85 83 83 83 83 83 83 83 84 84 84 84 89 89 89 89 89 89 89 89 89 89 89 89 89 89 89 89 89 89 90 90 90 90 90 90 90 90 90 90 90 90 90 90 90 90 90 90 0 0 0 0 0 0 0 0 0 0 0 0 0 0 0 0 0 0 0 0 0
0 0 0 0 0 0 0 0 0 0 0 0 0 0 0 0 0 0 0 0 0 0 0 54 54 54 54 54 54 54 54 54 54 54 54 54 54 54 54 54 54 54 12 12 12 12 12 12 12 12 12 12 12 12 12 12 12 12 12 12 55 55 55 55 57 57 57 57 57 57 57 57 56 56 56 56 56 70 70 76 76 76 76 76 76 15 15 15 15 15 15 15 15 15 74 85 85 85 85 83 83 83 83 83 83 83 83 83 83 84 84 84 84 84 84 89 89 89 89 89 89 89 89 89 89 89 89 89 89 89 89 90 90 90 90 90 90 90 90 90 90 90 90 90 90 90 90 90 0 0 0 0 0 0 0 0 0 0 0 0 0 0 0 0 0 0 0 0 0
0 0 0 0 0 0 0 0 0 0 0 0 0 0 0 0 0 0 0 0 0 0 0 0 54 54 54 54 54 54 54 54 54 54 54 54 54 54 54 54 54 12 12 12 12 12 12 12 12 12 12 12 12 12 12 12 12 12 55 55 55 55 55 57 57 57 57 57 57 57 57 57 57 57 56 56 56 70 76 76 76 76 76 76 76 76 15 15 15 15 15 15 15 15 15 85 85 83 83 83 83 83 83 83 83 83 83 83 83 84 84 84 84 84 84 84 84 89 89 89 89 89 89 89 89 89 89 89 89 89 89 89 90 90 90 90 90 90 90 90 90 90 90 90 90 90 90 0 0 0 0 0 0 0 0 0 0 0 0 0 0 0 0 0 0 0 0 0 0
0 0 0 0 0 0 0 0 0 0 0 0 0 0 0 0 0 0 0 0 0 0 0 0 0 54 54 54 54 54 54 54 54 54 54 54 54 54 54 54 54 12 12 12 12 12 12 12 12 12 12 12 12 12 12 55 55 55 55 55 55 55 55 57 57 57 57 57 57 57 57 57 57 57 57 57 57 76 76 76 76 76 76 76 76 76 15 15 15 15 15 15 15 79 79 82 83 83 83 83 83 83 83 83 83 83 83 83 83 83 84 84 84 84 84 84 84 84 84 84 89 89 89 89 89 89 89 89 89 89 89 89 89 90 90 90 90 90 90 90 90 90 90 90 90 90 0 0 0 0 0 0 0 0 0 0 0 0 0 0 0 0 0 0 0 0 0 0 0
0 0 0 0 0 0 0 0 0 0 0 0 0 0 0 0 0 0 0 0 0 0 0 0 0 54 54 54 54 54 54 54 54 54 54 54 54 54 54 54 12 12 12 12 12 12 12 12 12 12 12 12 12 55 55 55 55 55 55 55 55 55 57 57 57 57 57 57 57 57 57 57 57 57 57 57 17 21 21 21 21 21 21 21 21 21 79 79 79 79 79 79 79 79 79 81 82 83 83 83 83 83 83 83 83 83 83 83 83 83 83 84 84 84 84 84 84 84 84 84 84 84 89 89 89 89 89 89 89 89 89 89 89 89 90 90 90 90 90 90 90 90 90 90 90 0 0 0 0 0 0 0 0 0 0 0 0 0 0 0 0 0 0 0 0 0 0 0 0
0 0 0 0 0 0 0 0 0 0 0 0 0 0 0 0 0 0 0 0 0 0 0 0 0 0 54 54 54 54 54 54 54 54 54 54 54 54 54 12 12 12 12 12 12 12 12 12 12 12 55 55 55 55 55 55 55 55 55 55 55 55 57 57 57 57 57 57 57 57 57 57 57 57 57 17 78 21 21 21 21 21 21 21 21 21 79 79 79 79 79 79 79 79 79 81 82 82 83 83 83 83 83 83 83 83 83 83 83 83 83 84 84 84 84 84 84 84 84 84 84 84 84 84 84 89 89 89 89 89 89 89 89 89 89 90 90 90 90 90 90 90 90 90 90 0 0 0 0 0 0 0 0 0 0 0 0 0 0 0 0 0 0 0 0 0 0 0 0
0 0 0 0 0 0 0 0 0 0 0 0 0 0 0 0 0 0 0 0 0 0 0 0 0 0 0 54 54 54 54 54 54 54 54 54 54 54 12 12 12 12 12 12 12 12 12 12 55 55 55 55 55 55 55 55 55 55 55 55 55 57 57 57 57 57 57 57 57 57 57 57 57 17 17 17 78 78 21 21 21 21 21 21 21 21 79 79 79 79 79 79 79 79 81 81 82 82 82 83 83 83 83 83 83 83 83 83 83 83 83 83 84 84 84 84 84 84 84 84 84 84 84 84 84 84 84 89 89 89 89 89 89 89 89 90 90 90 90 90 90 90 90 90 0 0 0 0 0 0 0 0 0 0 0 0 0 0 0 0 0 0 0 0 0 0 0 0 0
0 0 0 0 0 0 0 0 0 0 0 0 0 0 0 0 0 0 0 0 0 0 0 0 0 0 0 0 54 54 54 54 54 54 54 54 54 12 12 12 12 12 12 12 12 55 55 55 55 55 55 55 55 55 55 55 55 55 55 55 57 57 57 57 57 57 57 57 57 57 57 57 17 17 17 17 78 78 21 21 21 21 21 21 21 21 79 79 79 79 79 79 79 79 81 81 81 82 82 82 82 83 83 83 83 83 83 83 83 83 83 83 83 84 84 84 84 84 84 84 84 84 84 84 84 84 84 84 84 84 89 89 89 89 89 89 90 90 90 90 90 90 90 0 0 0 0 0 0 0 0 0 0 0 0 0 0 0 0 0 0 0 0 0 0 0 0 0 0
0 0 0 0 0 0 0 0 0 0 0 0 0 0 0 0 0 0 0 0 0 0 0 0 0 0 0 0 54 54 54 54 54 54 54 54 12 12 12 12 12 12 12 55 55 55 55 55 55 55 55 55 55 55 55 55 55 55 55 55 57 57 57 57 57 57 57 57 57 57 57 17 17 17 17 78 78 78 21 21 21 21 21 21 21 21 79 79 79 79 79 79 79 79 81 81 81 82 82 82 82 82 83 83 83 83 83 83 83 83 83 83 83 84 84 84 84 84 84 84 84 84 84 84 84 84 84 84 84 84 84 84 89 89 89 89 89 90 90 90 90 90 90 0 0 0 0 0 0 0 0 0 0 0 0 0 0 0 0 0 0 0 0 0 0 0 0 0 0
0 0 0 0 0 0 0 0 0 0 0 0 0 0 0 0 0 0 0 0 0 0 0 0 0 0 0 0 0 54 54 54 54 54 54 12 12 12 12 12 12 55 55 55 55 55 55 55 55 55 55 55 55 55 55 55 55 55 55 57 57 57 57 57 57 57 57 57 57 57 17 17 17 17 17 78 78 78 21 21 21 21 21 21 21 21 79 79 79 79 79 79 79 79 81 81 81 82 82 82 82 82 82 83 83 83 83 83 83 83 83 83 83 83 84 84 84 84 84 84 84 84 84 84 84 84 84 84 84 84 84 84 84 84 84 89 89 89 90 90 90 90 0 0 0 0 0 0 0 0 0 0 0 0 0 0 0 0 0 0 0 0 0 0 0 0 0 0 0
0 0 0 0 0 0 0 0 0 0 0 0 0 0 0 0 0 0 0 0 0 0 0 0 0 0 0 0 0 0 54 54 54 54 12 12 12 12 55 55 55 55 55 55 55 55 55 55 55 55 55 55 55 55 55 55 55 55 55 57 57 57 57 57 57 57 57 57 57 17 17 17 17 17 17 78 78 78 78 21 21 21 21 21 21 21 79 79 79 79 79 79 79 79 81 81 81 81 82 82 82 82 82 82 83 83 83 83 83 83 83 83 83 83 84 84 84 84 84 84 84 84 84 84 84 84 84 84 84 84 84 84 84 84 84 84 84 89 89 90 90 0 0 0 0 0 0 0 0 0 0 0 0 0 0 0 0 0 0 0 0 0 0 0 0 0 0 0 0
0 0 0 0 0 0 0 0 0 0 0 0 0 0 0 0 0 0 0 0 0 0 0 0 0 0 0 0 0 0 0 54 54 12 12 12 55 55 55 55 55 55 55 55 55 55 55 55 55 55 55 55 55 55 55 55 55 55 57 57 57 57 57 57 57 57 57 17 17 17 17 17 17 17 17 78 78 78 78 21 21 21 21 21 21 21 79 79 79 79 79 79 79 81 81 81 81 81 82 82 82 82 82 82 82 82 83 83 83 83 83 83 83 83 83 84 84 84 84 84 84 84 84 84 84 84 84 84 84 84 84 84 84 84 84 84 84 84 84 84 90 0 0 0 0 0 0 0 0 0 0 0 0 0 0 0 0 0 0 0 0 0 0 0 0 0 0 0 0
0 0 0 0 0 0 0 0 0 0 0 0 0 0 0 0 0 0 0 0 0 0 0 0 0 0 0 0 0 0 0 54 12 55 55 55 55 55 55 55 55 55 55 55 55 55 55 55 55 55 55 55 55 55 55 55 55 57 57 57 57 57 57 57 57 57 17 17 17 17 17 17 17 17 78 78 78 78 78 21 21 21 21 21 21 21 79 79 79 79 79 79 79 81 81 81 81 81 82 82 82 82 82 82 82 82 82 83 83 83 83 83 83 83 83 83 84 84 84 84 84 84 84 84 84 84 84 84 84 84 84 84 84 84 84 84 84 84 84 84 0 0 0 0 0 0 0 0 0 0 0 0 0 0 0 0 0 0 0 0 0 0 0 0 0 0 0 0 0
0 0 0 0 0 0 0 0 0 0 0 0 0 0 0 0 0 0 0 0 0 0 0 0 0 0 0 0 0 0 0 0 55 55 55 55 55 55 55 55 55 55 55 55 55 55 55 55 55 55 55 55 55 55 55 55 55 57 57 57 57 57 57 57 57 17 17 17 17 17 17 17 17 17 78 78 78 78 78 21 21 21 21 21 21 21 79 79 79 79 79 79 79 81 81 81 81 81 81 82 82 82 82 82 82 82 82 82 83 83 83 83 83 83 83 83 84 84 84 84 84 84 84 84 84 84 84 84 84 84 84 84 84 84 84 84 84 84 84 0 0 0 0 0 0 0 0 0 0 0 0 0 0 0 0 0 0 0 0 0 0 0 0 0 0 0 0 0 0
0 0 0 0 0 0 0 0 0 0 0 0 0 0 0 0 0 0 0 0 0 0 0 0 0 0 0 0 0 0 0 0 0 55 55 55 55 55 55 55 55 55 55 55 55 55 55 55 55 55 55 55 55 55 55 55 57 57 57 57 57 57 57 57 17 17 17 17 17 17 17 17 17 17 78 78 78 78 78 78 21 21 21 21 21 21 79 79 79 79 79 79 79 81 81 81 81 81 81 82 82 82 82 82 82 82 82 82 82 83 83 83 83 83 83 83 83 84 84 84 84 84 84 84 84 84 84 84 84 84 84 84 84 84 84 84 84 84 0 0 0 0 0 0 0 0 0 0 0 0 0 0 0 0 0 0 0 0 0 0 0 0 0 0 0 0 0 0 0
0 0 0 0 0 0 0 0 0 0 0 0 0 0 0 0 0 0 0 0 0 0 0 0 0 0 0 0 0 0 0 0 0 0 55 55 55 55 55 55 55 55 55 55 55 55 55 55 55 55 55 55 55 55 55 57 57 57 57 57 57 57 57 17 17 17 17 17 17 17 17 17 17 78 78 78 78 78 78 78 21 21 21 21 21 21 79 79 79 79 79 79 79 81 81 81 81 81 81 82 82 82 82 82 82 82 82 82 82 82 82 83 83 83 83 83 83 83 84 84 84 84 84 84 84 84 84 84 84 84 84 84 84 84 84 84 84 0 0 0 0 0 0 0 0 0 0 0 0 0 0 0 0 0 0 0 0 0 0 0 0 0 0 0 0 0 0 0 0
0 0 0 0 0 0 0 0 0 0 0 0 0 0 0 0 0 0 0 0 0 0 0 0 0 0 0 0 0 0 0 0 0 0 0 55 55 55 55 55 55 55 55 55 55 55 55 55 55 55 55 55 55 55 55 57 57 57 57 57 57 17 17 17 17 17 17 17 17 17 17 17 17 78 78 78 78 78 78 78 21 21 21 21 21 21 79 79 79 79 79 79 81 81 81 81 81 81 81 81 82 82 82 82 82 82 82 82 82 82 82 82 83 83 83 83 83 83 84 84 84 84 84 84 84 84 84 84 84 84 84 84 84 84 84 0 0 0 0 0 0 0 0 0 0 0 0 0 0 0 0 0 0 0 0 0 0 0 0 0 0 0 0 0 0 0 0 0 0
0 0 0 0 0 0 0 0 0 0 0 0 0 0 0 0 0 0 0 0 0 0 0 0 0 0 0 0 0 0 0 0 0 0 0 0 55 55 55 55 55 55 55 55 55 55 55 55 55 55 55 55 55 55 57 57 57 57 57 57 17 17 17 17 17 17 17 17 17 17 17 17 17 78 78 78 78 78 78 78 21 21 21 21 21 21 79 79 79 79 79 79 81 81 81 81 81 81 81 81 82 82 82 82 82 82 82 82 82 82 82 82 82 83 83 83 83 83 83 84 84 84 84 84 84 84 84 84 84 84 84 84 84 84 0 0 0 0 0 0 0 0 0 0 0 0 0 0 0 0 0 0 0 0 0 0 0 0 0 0 0 0 0 0 0 0 0 0 0
0 0 0 0 0 0 0 0 0 0 0 0 0 0 0 0 0 0 0 0 0 0 0 0 0 0 0 0 0 0 0 0 0 0 0 0 0 55 55 55 55 55 55 55 55 55 55 55 55 55 55 55 55 55 57 57 57 57 57 17 17 17 17 17 17 17 17 17 17 17 17 17 78 78 78 78 78 78 78 78 78 21 21 21 21 21 79 79 79 79 79 79 81 81 81 81 81 81 81 81 82 82 82 82 82 82 82 82 82 82 82 82 82 82 83 83 83 83 83 84 84 84 84 84 84 84 84 84 84 84 84 84 84 0 0 0 0 0 0 0 0 0 0 0 0 0 0 0 0 0 0 0 0 0 0 0 0 0 0 0 0 0 0 0 0 0 0 0 0
0 0 0 0 0 0 0 0 0 0 0 0 0 0 0 0 0 0 0 0 0 0 0 0 0 0 0 0 0 0 0 0 0 0 0 0 0 0 0 55 55 55 55 55 55 55 55 55 55 55 55 55 55 57 57 57 57 57 17 17 17 17 17 17 17 17 17 17 17 17 17 17 78 78 78 78 78 78 78 78 78 21 21 21 21 21 79 79 79 79 79 79 81 81 81 81 81 81 81 81 81 82 82 82 82 82 82 82 82 82 82 82 82 82 82 82 83 83 83 83 84 84 84 84 84 84 84 84 84 84 84 84 0 0 0 0 0 0 0 0 0 0 0 0 0 0 0 0 0 0 0 0 0 0 0 0 0 0 0 0 0 0 0 0 0 0 0 0 0
0 0 0 0 0 0 0 0 0 0 0 0 0 0 0 0 0 0 0 0 0 0 0 0 0 0 0 0 0 0 0 0 0 0 0 0 0 0 0 0 55 55 55 55 55 55 55 55 55 55 55 55 57 57 57 57 57 17 17 17 17 17 17 17 17 17 17 17 17 17 17 17 78 78 78 78 78 78 78 78 78 21 21 21 21 21 79 79 79 79 79 79 81 81 81 81 81 81 81 81 81 82 82 82 82 82 82 82 82 82 82 82 82 82 82 82 82 83 83 83 83 84 84 84 84 84 84 84 84 84 84 0 0 0 0 0 0 0 0 0 0 0 0 0 0 0 0 0 0 0 0 0 0 0 0 0 0 0 0 0 0 0 0 0 0 0 0 0 0
0 0 0 0 0 0 0 0 0 0 0 0 0 0 0 0 0 0 0 0 0 0 0 0 0 0 0 0 0 0 0 0 0 0 0 0 0 0 0 0 0 55 55 55 55 55 55 55 55 55 55 55 57 57 57 57 17 17 17 17 17 17 17 17 17 17 17 17 17 17 17 78 78 78 78 78 78 78 78 78 78 21 21 21 21 21 79 79 79 79 79 81 81 81 81 81 81 81 81 81 81 82 82 82 82 82 82 82 82 82 82 82 82 82 82 82 82 82 83 83 83 84 84 84 84 84 84 84 84 84 0 0 0 0 0 0 0 0 0 0 0 0 0 0 0 0 0 0 0 0 0 0 0 0 0 0 0 0 0 0 0 0 0 0 0 0 0 0 0
0 0 0 0 0 0 0 0 0 0 0 0 0 0 0 0 0 0 0 0 0 0 0 0 0 0 0 0 0 0 0 0 0 0 0 0 0 0 0 0 0 0 55 55 55 55 55 55 55 55 55 57 57 57 17 17 17 17 17 17 17 17 17 17 17 17 17 17 17 17 17 78 78 78 78 78 78 78 78 78 78 78 21 21 21 21 79 79 79 79 79 81 81 81 81 81 81 81 81 81 81 81 82 82 82 82 82 82 82 82 82 82 82 82 82 82 82 82 82 83 83 83 84 84 84 84 84 84 84 0 0 0 0 0 0 0 0 0 0 0 0 0 0 0 0 0 0 0 0 0 0 0 0 0 0 0 0 0 0 0 0 0 0 0 0 0 0 0 0
0 0 0 0 0 0 0 0 0 0 0 0 0 0 0 0 0 0 0 0 0 0 0 0 0 0 0 0 0 0 0 0 0 0 0 0 0 0 0 0 0 0 0 55 55 55 55 55 55 55 57 57 57 17 17 17 17 17 17 17 17 17 17 17 17 17 17 17 17 17 17 78 78 78 78 78 78 78 78 78 78 78 21 21 21 21 79 79 79 79 79 81 81 81 81 81 81 81 81 81 81 81 82 82 82 82 82 82 82 82 82 82 82 82 82 82 82 82 82 82 82 83 83 84 84 84 84 84 0 0 0 0 0 0 0 0 0 0 0 0 0 0 0 0 0 0 0 0 0 0 0 0 0 0 0 0 0 0 0 0 0 0 0 0 0 0 0 0 0
0 0 0 0 0 0 0 0 0 0 0 0 0 0 0 0 0 0 0 0 0 0 0 0 0 0 0 0 0 0 0 0 0 0 0 0 0 0 0 0 0 0 0 0 55 55 55 55 55 55 57 57 17 17 17 17 17 17 17 17 17 17 17 17 17 17 17 17 17 17 17 78 78 78 78 78 78 78 78 78 78 78 21 21 21 21 79 79 79 79 79 81 81 81 81 81 81 81 81 81 81 81 82 82 82 82 82 82 82 82 82 82 82 82 82 82 82 82 82 82 82 82 83 84 84 84 84 0 0 0 0 0 0 0 0 0 0 0 0 0 0 0 0 0 0 0 0 0 0 0 0 0 0 0 0 0 0 0 0 0 0 0 0 0 0 0 0 0 0
0 0 0 0 0 0 0 0 0 0 0 0 0 0 0 0 0 0 0 0 0 0 0 0 0 0 0 0 0 0 0 0 0 0 0 0 0 0 0 0 0 0 0 0 0 55 55 55 55 57 57 17 17 17 17 17 17 17 17 17 17 17 17 17 17 17 17 17 17 17 78 78 78 78 78 78 78 78 78 78 78 78 21 21 21 21 79 79 79 79 79 81 81 81 81 81 81 81 81 81 81 81 81 82 82 82 82 82 82 82 82 82 82 82 82 82 82 82 82 82 82 82 82 83 84 84 0 0 0 0 0 0 0 0 0 0 0 0 0 0 0 0 0 0 0 0 0 0 0 0 0 0 0 0 0 0 0 0 0 0 0 0 0 0 0 0 0 0 0
0 0 0 0 0 0 0 0 0 0 0 0 0 0 0 0 0 0 0 0 0 0 0 0 0 0 0 0 0 0 0 0 0 0 0 0 0 0 0 0 0 0 0 0 0 0 55 55 55 57 17 17 17 17 17 17 17 17 17 17 17 17 17 17 17 17 17 17 17 17 78 78 78 78 78 78 78 78 78 78 78 78 78 21 21 21 79 79 79 79 81 81 81 81 81 81 81 81 81 81 81 81 81 82 82 82 82 82 82 82 82 82 82 82 82 82 82 82 82 82 82 82 82 82 83 0 0 0 0 0 0 0 0 0 0 0 0 0 0 0 0 0 0 0 0 0 0 0 0 0 0 0 0 0 0 0 0 0 0 0 0 0 0 0 0 0 0 0 0
0 0 0 0 0 0 0 0 0 0 0 0 0 0 0 0 0 0 0 0 0 0 0 0 0 0 0 0 0 0 0 0 0 0 0 0 0 0 0 0 0 0 0 0 0 0 0 55 17 17 17 17 17 17 17 17 17 17 17 17 17 17 17 17 17 17 17 17 17 17 78 78 78 78 78 78 78 78 78 78 78 78 78 21 21 21 79 79 79 79 81 81 81 81 81 81 81 81 81 81 81 81 81 82 82 82 82 82 82 82 82 82 82 82 82 82 82 82 82 82 82 82 82 82 0 0 0 0 0 0 0 0 0 0 0 0 0 0 0 0 0 0 0 0 0 0 0 0 0 0 0 0 0 0 0 0 0 0 0 0 0 0 0 0 0 0 0 0 0
0 0 0 0 0 0 0 0 0 0 0 0 0 0 0 0 0 0 0 0 0 0 0 0 0 0 0 0 0 0 0 0 0 0 0 0 0 0 0 0 0 0 0 0 0 0 0 0 17 17 17 17 17 17 17 17 17 17 17 17 17 17 17 17 17 17 17 17 17 78 78 78 78 78 78 78 78 78 78 78 78 78 78 21 21 21 79 79 79 79 81 81 81 81 81 81 81 81 81 81 81 81 81 81 82 82 82 82 82 82 82 82 82 82 82 82 82 82 82 82 82 82 82 0 0 0 0 0 0 0 0 0 0 0 0 0 0 0 0 0 0 0 0 0 0 0 0 0 0 0 0 0 0 0 0 0 0 0 0 0 0 0 0 0 0 0 0 0 0
0 0 0 0 0 0 0 0 0 0 0 0 0 0 0 0 0 0 0 0 0 0 0 0 0 0 0 0 0 0 0 0 0 0 0 0 0 0 0 0 0 0 0 0 0 0 0 0 0 0 17 17 17 17 17 17 17 17 17 17 17 17 17 17 17 17 17 17 17 78 78 78 78 78 78 78 78 78 78 78 78 78 78 21 21 21 79 79 79 79 81 81 81 81 81 81 81 81 81 81 81 81 81 81 82 82 82 82 82 82 82 82 82 82 82 82 82 82 82 82 82 0 0 0 0 0 0 0 0 0 0 0 0 0 0 0 0 0 0 0 0 0 0 0 0 0 0 0 0 0 0 0 0 0 0 0 0 0 0 0 0 0 0 0 0 0 0 0 0
0 0 0 0 0 0 0 0 0 0 0 0 0 0 0 0 0 0 0 0 0 0 0 0 0 0 0 0 0 0 0 0 0 0 0 0 0 0 0 0 0 0 0 0 0 0 0 0 0 0 0 17 17 17 17 17 17 17 17 17 17 17 17 17 17 17 17 17 17 78 78 78 78 78 78 78 78 78 78 78 78 78 78 78 21 21 79 79 79 79 81 81 81 81 81 81 81 81 81 81 81 81 81 81 82 82 82 82 82 82 82 82 82 82 82 82 82 82 82 82 0 0 0 0 0 0 0 0 0 0 0 0 0 0 0 0 0 0 0 0 0 0 0 0 0 0 0 0 0 0 0 0 0 0 0 0 0 0 0 0 0 0 0 0 0 0 0 0 0
0 0 0 0 0 0 0 0 0 0 0 0 0 0 0 0 0 0 0 0 0 0 0 0 0 0 0 0 0 0 0 0 0 0 0 0 0 0 0 0 0 0 0 0 0 0 0 0 0 0 0 0 0 17 17 17 17 17 17 17 17 17 17 17 17 17 17 17 78 78 78 78 78 78 78 78 78 78 78 78 78 78 78 78 21 21 79 79 79 81 81 81 81 81 81 81 81 81 81 81 81 81 81 81 81 82 82 82 82 82 82 82 82 82 82 82 82 82 82 0 0 0 0 0 0 0 0 0 0 0 0 0 0 0 0 0 0 0 0 0 0 0 0 0 0 0 0 0 0 0 0 0 0 0 0 0 0 0 0 0 0 0 0 0 0 0 0 0 0
0 0 0 0 0 0 0 0 0 0 0 0 0 0 0 0 0 0 0 0 0 0 0 0 0 0 0 0 0 0 0 0 0 0 0 0 0 0 0 0 0 0 0 0 0 0 0 0 0 0 0 0 0 0 17 17 17 17 17 17 17 17 17 17 17 17 17 17 78 78 78 78 78 78 78 78 78 78 78 78 78 78 78 78 21 21 79 79 79 81 81 81 81 81 81 81 81 81 81 81 81 81 81 81 81 82 82 82 82 82 82 82 82 82 82 82 82 0 0 0 0 0 0 0 0 0 0 0 0 0 0 0 0 0 0 0 0 0 0 0 0 0 0 0 0 0 0 0 0 0 0 0 0 0 0 0 0 0 0 0 0 0 0 0 0 0 0 0 0
0 0 0 0 0 0 0 0 0 0 0 0 0 0 0 0 0 0 0 0 0 0 0 0 0 0 0 0 0 0 0 0 0 0 0 0 0 0 0 0 0 0 0 0 0 0 0 0 0 0 0 0 0 0 0 0 17 17 17 17 17 17 17 17 17 17 17 17 78 78 78 78 78 78 78 78 78 78 78 78 78 78 78 78 21 21 79 79 79 81 81 81 81 81 81 81 81 81 81 81 81 81 81 81 81 82 82 82 82 82 82 82 82 82 82 82 0 0 0 0 0 0 0 0 0 0 0 0 0 0 0 0 0 0 0 0 0 0 0 0 0 0 0 0 0 0 0 0 0 0 0 0 0 0 0 0 0 0 0 0 0 0 0 0 0 0 0 0 0
0 0 0 0 0 0 0 0 0 0 0 0 0 0 0 0 0 0 0 0 0 0 0 0 0 0 0 0 0 0 0 0 0 0 0 0 0 0 0 0 0 0 0 0 0 0 0 0 0 0 0 0 0 0 0 0 0 17 17 17 17 17 17 17 17 17 17 17 78 78 78 78 78 78 78 78 78 78 78 78 78 78 78 78 78 21 21 79 79 81 81 81 81 81 81 81 81 81 81 81 81 81 81 81 81 82 82 82 82 82 82 82 82 82 0 0 0 0 0 0 0 0 0 0 0 0 0 0 0 0 0 0 0 0 0 0 0 0 0 0 0 0 0 0 0 0 0 0 0 0 0 0 0 0 0 0 0 0 0 0 0 0 0 0 0 0 0 0 0
0 0 0 0 0 0 0 0 0 0 0 0 0 0 0 0 0 0 0 0 0 0 0 0 0 0 0 0 0 0 0 0 0 0 0 0 0 0 0 0 0 0 0 0 0 0 0 0 0 0 0 0 0 0 0 0 0 0 0 17 17 17 17 17 17 17 17 78 78 78 78 78 78 78 78 78 78 78 78 78 78 78 78 78 78 21 21 79 81 81 81 81 81 81 81 81 81 81 81 81 81 81 81 81 81 81 82 82 82 82 82 82 82 0 0 0 0 0 0 0 0 0 0 0 0 0 0 0 0 0 0 0 0 0 0 0 0 0 0 0 0 0 0 0 0 0 0 0 0 0 0 0 0 0 0 0 0 0 0 0 0 0 0 0 0 0 0 0 0
0 0 0 0 0 0 0 0 0 0 0 0 0 0 0 0 0 0 0 0 0 0 0 0 0 0 0 0 0 0 0 0 0 0 0 0 0 0 0 0 0 0 0 0 0 0 0 0 0 0 0 0 0 0 0 0 0 0 0 0 17 17 17 17 17 17 17 78 78 78 78 78 78 78 78 78 78 78 78 78 78 78 78 78 78 21 21 79 81 81 81 81 81 81 81 81 81 81 81 81 81 81 81 81 81 81 82 82 82 82 82 82 0 0 0 0 0 0 0 0 0 0 0 0 0 0 0 0 0 0 0 0 0 0 0 0 0 0 0 0 0 0 0 0 0 0 0 0 0 0 0 0 0 0 0 0 0 0 0 0 0 0 0 0 0 0 0 0 0
0 0 0 0 0 0 0 0 0 0 0 0 0 0 0 0 0 0 0 0 0 0 0 0 0 0 0 0 0 0 0 0 0 0 0 0 0 0 0 0 0 0 0 0 0 0 0 0 0 0 0 0 0 0 0 0 0 0 0 0 0 0 17 17 17 17 17 78 78 78 78 78 78 78 78 78 78 78 78 78 78 78 78 78 78 21 21 79 81 81 81 81 81 81 81 81 81 81 81 81 81 81 81 81 81 81 82 82 82 82 0 0 0 0 0 0 0 0 0 0 0 0 0 0 0 0 0 0 0 0 0 0 0 0 0 0 0 0 0 0 0 0 0 0 0 0 0 0 0 0 0 0 0 0 0 0 0 0 0 0 0 0 0 0 0 0 0 0 0
0 0 0 0 0 0 0 0 0 0 0 0 0 0 0 0 0 0 0 0 0 0 0 0 0 0 0 0 0 0 0 0 0 0 0 0 0 0 0 0 0 0 0 0 0 0 0 0 0 0 0 0 0 0 0 0 0 0 0 0 0 0 0 17 17 17 78 78 78 78 78 78 78 78 78 78 78 78 78 78 78 78 78 78 78 78 21 79 81 81 81 81 81 81 81 81 81 81 81 81 81 81 81 81 81 81 81 82 82 0 0 0 0 0 0 0 0 0 0 0 0 0 0 0 0 0 0 0 0 0 0 0 0 0 0 0 0 0 0 0 0 0 0 0 0 0 0 0 0 0 0 0 0 0 0 0 0 0 0 0 0 0 0 0 0 0 0 0 0
0 0 0 0 0 0 0 0 0 0 0 0 0 0 0 0 0 0 0 0 0 0 0 0 0 0 0 0 0 0 0 0 0 0 0 0 0 0 0 0 0 0 0 0 0 0 0 0 0 0 0 0 0 0 0 0 0 0 0 0 0 0 0 0 0 17 78 78 78 78 78 78 78 78 78 78 78 78 78 78 78 78 78 78 78 78 21 79 81 81 81 81 81 81 81 81 81 81 81 81 81 81 81 81 81 81 81 82 0 0 0 0 0 0 0 0 0 0 0 0 0 0 0 0 0 0 0 0 0 0 0 0 0 0 0 0 0 0 0 0 0 0 0 0 0 0 0 0 0 0 0 0 0 0 0 0 0 0 0 0 0 0 0 0 0 0 0 0 0
0 0 0 0 0 0 0 0 0 0 0 0 0 0 0 0 0 0 0 0 0 0 0 0 0 0 0 0 0 0 0 0 0 0 0 0 0 0 0 0 0 0 0 0 0 0 0 0 0 0 0 0 0 0 0 0 0 0 0 0 0 0 0 0 0 0 0 0 78 78 78 78 78 78 78 78 78 78 78 78 78 78 78 78 78 78 21 81 81 81 81 81 81 81 81 81 81 81 81 81 81 81 81 0 0 0 0 0 0 0 0 0 0 0 0 0 0 0 0 0 0 0 0 0 0 0 0 0 0 0 0 0 0 0 0 0 0 0 0 0 0 0 0 0 0 0 0 0 0 0 0 0 0 0 0 0 0 0 0 0 0 0 0 0 0 0 0 0 0
0 0 0 0 0 0 0 0 0 0 0 0 0 0 0 0 0 0 0 0 0 0 0 0 0 0 0 0 0 0 0 0 0 0 0 0 0 0 0 0 0 0 0 0 0 0 0 0 0 0 0 0 0 0 0 0 0 0 0 0 0 0 0 0 0 0 0 0 0 0 0 0 0 0 78 78 78 78 78 78 78 78 78 78 78 78 21 81 81 81 81 81 81 81 81 81 81 81 0 0 0 0 0 0 0 0 0 0 0 0 0 0 0 0 0 0 0 0 0 0 0 0 0 0 0 0 0 0 0 0 0 0 0 0 0 0 0 0 0 0 0 0 0 0 0 0 0 0 0 0 0 0 0 0 0 0 0 0 0 0 0 0 0 0 0 0 0 0 0
0 0 0 0 0 0 0 0 0 0 0 0 0 0 0 0 0 0 0 0 0 0 0 0 0 0 0 0 0 0 0 0 0 0 0 0 0 0 0 0 0 0 0 0 0 0 0 0 0 0 0 0 0 0 0 0 0 0 0 0 0 0 0 0 0 0 0 0 0 0 0 0 0 0 0 0 0 0 0 0 78 78 78 78 78 78 78 81 81 81 81 81 81 0 0 0 0 0 0 0 0 0 0 0 0 0 0 0 0 0 0 0 0 0 0 0 0 0 0 0 0 0 0 0 0 0 0 0 0 0 0 0 0 0 0 0 0 0 0 0 0 0 0 0 0 0 0 0 0 0 0 0 0 0 0 0 0 0 0 0 0 0 0 0 0 0 0 0 0
0 0 0 0 0 0 0 0 0 0 0 0 0 0 0 0 0 0 0 0 0 0 0 0 0 0 0 0 0 0 0 0 0 0 0 0 0 0 0 0 0 0 0 0 0 0 0 0 0 0 0 0 0 0 0 0 0 0 0 0 0 0 0 0 0 0 0 0 0 0 0 0 0 0 0 0 0 0 0 0 0 0 0 0 0 0 78 0 0 0 0 0 0 0 0 0 0 0 0 0 0 0 0 0 0 0 0 0 0 0 0 0 0 0 0 0 0 0 0 0 0 0 0 0 0 0 0 0 0 0 0 0 0 0 0 0 0 0 0 0 0 0 0 0 0 0 0 0 0 0 0 0 0 0 0 0 0 0 0 0 0 0 0 0 0 0 0 0 0
0 0 0 0 0 0 0 0 0 0 0 0 0 0 0 0 0 0 0 0 0 0 0 0 0 0 0 0 0 0 0 0 0 0 0 0 0 0 0 0 0 0 0 0 0 0 0 0 0 0 0 0 0 0 0 0 0 0 0 0 0 0 0 0 0 0 0 0 0 0 0 0 0 0 0 0 0 0 0 0 0 0 0 0 0 0 0 0 0 0 0 0 0 0 0 0 0 0 0 0 0 0 0 0 0 0 0 0 0 0 0 0 0 0 0 0 0 0 0 0 0 0 0 0 0 0 0 0 0 0 0 0 0 0 0 0 0 0 0 0 0 0 0 0 0 0 0 0 0 0 0 0 0 0 0 0 0 0 0 0 0 0 0 0 0 0 0 0 0
0 0 0 0 0 0 0 0 0 0 0 0 0 0 0 0 0 0 0 0 0 0 0 0 0 0 0 0 0 0 0 0 0 0 0 0 0 0 0 0 0 0 0 0 0 0 0 0 0 0 0 0 0 0 0 0 0 0 0 0 0 0 0 0 0 0 0 0 0 0 0 0 0 0 0 0 0 0 0 0 0 0 0 0 0 0 0 0 0 0 0 0 0 0 0 0 0 0 0 0 0 0 0 0 0 0 0 0 0 0 0 0 0 0 0 0 0 0 0 0 0 0 0 0 0 0 0 0 0 0 0 0 0 0 0 0 0 0 0 0 0 0 0 0 0 0 0 0 0 0 0 0 0 0 0 0 0 0 0 0 0 0 0 0 0 0 0 0 0
