29 28 43
45 44 24
40 39 22
38 21 39
44 43 23
50 60 61
34 31 35
38 20 21
42 37 38
39 21 22
37 2 1
49 60 6
2 42 3
62 52 63
58 67 57
50 68 60
59 8 7
54 64 53
63 68 62
53 64 52
58 9 59
48 30 43
23 21 24
45 48 44
43 28 23
21 20 24
54 36 55
19 37 18
20 38 19
18 37 1
38 39 41
24 20 25
40 41 39
37 19 38
23 22 21
28 40 22
30 29 43
40 28 29
31 30 36
40 29 30
33 32 31
41 32 42
37 42 2
41 42 38
4 32 49
30 41 40
30 31 32
42 32 3
3 32 4
61 60 49
49 50 61
32 33 50
49 5 4
49 6 5
60 7 6
60 68 59
60 59 7
63 67 68
67 63 66
50 62 68
50 51 62
49 32 50
41 30 32
34 33 31
51 50 33
34 51 33
52 62 51
53 34 35
52 51 34
68 67 59
64 54 66
63 64 66
63 52 64
67 66 57
36 54 53
67 58 59
55 65 54
59 9 8
58 57 9
66 54 56
57 10 9
57 11 10
57 56 11
11 56 12
57 66 56
56 65 55
56 54 65
14 55 36
12 56 55
55 13 12
46 47 45
36 35 31
55 14 13
47 16 15
34 53 52
35 36 53
15 36 47
15 14 36
36 48 47
36 30 48
44 23 24
28 22 23
25 45 24
48 43 44
46 45 26
26 45 25
47 48 45
27 46 26
16 47 46
46 27 17
46 17 16
